idx	label	predict	radius	correct	time
0	0	-1	0.0	0	0:01:10.659398
100	2	2	3.37	1	0:00:56.903437
200	4	-1	0.0	0	0:00:56.792644
300	6	69	0.864	0	0:00:56.854566
400	8	8	1.83	1	0:00:56.776021
500	10	10	3.74	1	0:00:56.810859
600	12	879	0.0634	0	0:00:56.765957
700	14	14	3.22	1	0:00:56.778729
800	16	16	1.26	1	0:00:56.758835
900	18	99	0.566	0	0:00:56.782483
1000	20	20	1.76	1	0:00:56.753426
1100	22	21	0.296	0	0:00:56.758736
1200	24	24	3.81	1	0:00:56.752130
1300	26	-1	0.0	0	0:00:56.754354
1400	28	-1	0.0	0	0:00:56.757551
1500	30	30	1.88	1	0:00:56.743158
1600	32	103	1.1	0	0:00:56.746960
1700	34	76	0.115	0	0:00:56.747442
1800	36	35	0.728	0	0:00:56.820784
1900	38	-1	0.0	0	0:00:56.741187
2000	40	-1	0.0	0	0:00:56.792889
2100	42	48	0.364	0	0:00:56.739370
2200	44	44	2.26	1	0:00:56.752522
2300	46	40	2.88	0	0:00:56.736528
2400	48	-1	0.0	0	0:00:56.750998
2500	50	47	0.872	0	0:00:56.744413
2600	52	329	0.0328	0	0:00:56.810886
2700	54	57	3.81	0	0:00:56.719537
2800	56	56	3.57	1	0:00:56.749751
2900	58	114	1.03	0	0:00:56.721412
3000	60	62	0.349	0	0:00:56.722704
3100	62	61	1.92	0	0:00:56.854588
3200	64	64	3.17	1	0:00:56.719270
3300	66	-1	0.0	0	0:00:56.768661
3400	68	111	2.73	0	0:00:56.718374
3500	70	70	2.24	1	0:00:56.723596
3600	72	72	2.84	1	0:00:56.717225
3700	74	78	0.736	0	0:00:56.753019
3800	76	76	0.0696	1	0:00:56.705206
3900	78	78	1.3	1	0:00:56.745925
4000	80	80	3.81	1	0:00:56.702845
4100	82	82	1.18	1	0:00:56.724667
4200	84	108	0.624	0	0:00:56.707682
4300	86	83	0.0675	0	0:00:56.718628
4400	88	88	0.0117	1	0:00:56.722957
4500	90	90	1.64	1	0:00:56.712900
4600	92	-1	0.0	0	0:00:56.714195
4700	94	94	1.93	1	0:00:56.709012
4800	96	96	3.81	1	0:00:56.789850
4900	98	-1	0.0	0	0:00:56.709766
5000	100	100	3.81	1	0:00:56.780567
5100	102	316	0.274	0	0:00:56.718493
5200	104	342	1.03	0	0:00:56.723064
5300	106	106	2.51	1	0:00:56.719382
5400	108	470	0.977	0	0:00:56.718019
5500	110	110	0.635	1	0:00:56.707611
5600	112	-1	0.0	0	0:00:56.721285
5700	114	113	1.11	0	0:00:56.701429
5800	116	116	3.74	1	0:00:56.704767
5900	118	118	1.92	1	0:00:56.698837
6000	120	-1	0.0	0	0:00:56.711046
6100	122	641	2.04	0	0:00:56.734256
6200	124	599	0.0279	0	0:00:56.705143
6300	126	363	0.49	0	0:00:56.719064
6400	128	128	3.81	1	0:00:56.704145
6500	130	129	0.775	0	0:00:56.734756
6600	132	132	2.66	1	0:00:56.692194
6700	134	132	1.14	0	0:00:56.700380
6800	136	136	3.81	1	0:00:56.694501
6900	138	138	2.51	1	0:00:56.694470
7000	140	140	3.74	1	0:00:56.704523
7100	142	135	0.845	0	0:00:56.708993
7200	144	331	1.61	0	0:00:57.008492
7300	146	-1	0.0	0	0:00:56.702983
7400	148	148	3.81	1	0:00:56.689748
7500	150	-1	0.0	0	0:00:56.697026
7600	152	152	1.44	1	0:00:56.729933
7700	154	260	0.562	0	0:00:56.699918
7800	156	156	2.78	1	0:00:56.717017
7900	158	-1	0.0	0	0:00:56.695918
8000	160	160	1.23	1	0:00:56.766760
8100	162	162	1.58	1	0:00:56.714555
8200	164	217	0.325	0	0:00:56.749604
8300	166	162	2.43	0	0:00:56.718048
8400	168	739	0.221	0	0:00:56.755393
8500	170	352	0.0494	0	0:00:56.714576
8600	172	246	1.4	0	0:00:56.699926
8700	174	254	0.181	0	0:00:56.720711
8800	176	176	0.658	1	0:00:56.700718
8900	178	178	3.32	1	0:00:56.714553
9000	180	-1	0.0	0	0:00:56.687822
9100	182	760	1.34	0	0:00:56.693771
9200	184	189	1.5	0	0:00:56.681010
9300	186	203	0.387	0	0:00:56.681145
9400	188	463	0.51	0	0:00:56.688739
9500	190	190	3.81	1	0:00:56.721101
9600	192	199	1.37	0	0:00:56.685994
9700	194	-1	0.0	0	0:00:56.691372
9800	196	199	1.75	0	0:00:56.683859
9900	198	245	0.17	0	0:00:56.699812
10000	200	244	0.352	0	0:00:56.765719
10100	202	262	0.0878	0	0:00:56.699561
10200	204	204	1.06	1	0:00:56.723593
10300	206	213	0.025	0	0:00:56.697030
10400	208	205	0.556	0	0:00:56.718539
10500	210	210	0.479	1	0:00:56.681345
10600	212	198	0.658	0	0:00:56.715419
10700	214	-1	0.0	0	0:00:56.692832
10800	216	216	0.829	1	0:00:56.745100
10900	218	218	3.81	1	0:00:56.693692
11000	220	220	1.91	1	0:00:56.704811
11100	222	296	0.0523	0	0:00:56.694970
11200	224	-1	0.0	0	0:00:56.779047
11300	226	226	1.2	1	0:00:56.699140
11400	228	982	0.489	0	0:00:56.698391
11500	230	230	3.41	1	0:00:56.808529
11600	232	232	0.817	1	0:00:56.695122
11700	234	205	0.494	0	0:00:56.711378
11800	236	164	0.0558	0	0:00:56.709172
11900	238	241	2.2	0	0:00:56.721389
12000	240	238	3.4	0	0:00:56.703845
12100	242	172	0.0204	0	0:00:56.754826
12200	244	244	2.92	1	0:00:56.701169
12300	246	-1	0.0	0	0:00:56.744817
12400	248	248	1.26	1	0:00:56.694491
12500	250	-1	0.0	0	0:00:56.762758
12600	252	244	0.827	0	0:00:56.689468
12700	254	34	0.603	0	0:00:56.722508
12800	256	256	3.81	1	0:00:56.686515
12900	258	232	1.31	0	0:00:56.684848
13000	260	260	2.25	1	0:00:56.702650
13100	262	262	3.53	1	0:00:56.712122
13200	264	232	2.2	0	0:00:56.756953
13300	266	266	3.45	1	0:00:56.701987
13400	268	-1	0.0	0	0:00:56.772331
13500	270	270	2.82	1	0:00:56.702835
13600	272	-1	0.0	0	0:00:56.714639
13700	274	274	2.31	1	0:00:56.719089
13800	276	276	2.77	1	0:00:56.787105
13900	278	278	2.25	1	0:00:56.702527
14000	280	280	1.6	1	0:00:56.771682
14100	282	282	0.845	1	0:00:56.719496
14200	284	284	3.81	1	0:00:56.721136
14300	286	286	3.81	1	0:00:57.021552
14400	288	290	2.14	0	0:00:56.724117
14500	290	290	2.37	1	0:00:56.816857
14600	292	290	3.81	0	0:00:56.727779
14700	294	294	3.65	1	0:00:56.737058
14800	296	296	0.0645	1	0:00:56.729204
14900	298	-1	0.0	0	0:00:56.747048
15000	300	300	1.63	1	0:00:56.732592
15100	302	-1	0.0	0	0:00:56.726254
15200	304	-1	0.0	0	0:00:56.743847
15300	306	316	0.283	0	0:00:56.802068
15400	308	303	0.928	0	0:00:56.731275
15500	310	310	0.273	1	0:00:56.728032
15600	312	-1	0.0	0	0:00:56.719258
15700	314	304	2.95	0	0:00:56.731955
15800	316	316	0.449	1	0:00:56.733138
15900	318	-1	0.0	0	0:00:56.784033
16000	320	320	3.74	1	0:00:56.747380
16100	322	309	0.94	0	0:00:56.721428
16200	324	324	3.81	1	0:00:56.715704
16300	326	326	0.661	1	0:00:56.720216
16400	328	328	3.81	1	0:00:56.751732
16500	330	343	0.577	0	0:00:56.719611
16600	332	259	0.179	0	0:00:56.734285
16700	334	334	0.238	1	0:00:56.726974
16800	336	373	1.51	0	0:00:56.754870
16900	338	617	0.489	0	0:00:56.716539
17000	340	340	3.81	1	0:00:56.750856
17100	342	342	0.231	1	0:00:56.720443
17200	344	150	0.521	0	0:00:56.726402
17300	346	346	1.14	1	0:00:56.775820
17400	348	348	1.03	1	0:00:56.715068
17500	350	350	3.81	1	0:00:56.780365
17600	352	-1	0.0	0	0:00:56.729231
17700	354	354	1.16	1	0:00:56.719838
17800	356	-1	0.0	0	0:00:56.717003
17900	358	359	2.52	0	0:00:56.803204
18000	360	360	0.67	1	0:00:56.729128
18100	362	362	3.81	1	0:00:56.789163
18200	364	364	0.692	1	0:00:56.745944
18300	366	-1	0.0	0	0:00:56.795453
18400	368	376	1.66	0	0:00:56.757544
18500	370	370	0.809	1	0:00:56.755455
18600	372	-1	0.0	0	0:00:57.146479
18700	374	-1	0.0	0	0:00:56.759402
18800	376	376	2.65	1	0:00:56.757199
18900	378	244	0.799	0	0:00:56.739075
19000	380	380	0.449	1	0:00:56.831626
19100	382	382	2.25	1	0:00:56.739804
19200	384	338	1.12	0	0:00:56.818097
19300	386	-1	0.0	0	0:00:56.739963
19400	388	388	0.787	1	0:00:56.748335
19500	390	392	0.35	0	0:00:56.723513
19600	392	397	2.98	0	0:00:56.752324
19700	394	568	0.739	0	0:00:56.726458
19800	396	396	3.81	1	0:00:56.758503
19900	398	-1	0.0	0	0:00:56.740571
20000	400	667	0.981	0	0:00:56.731855
20100	402	990	0.833	0	0:00:56.770183
20200	404	404	2.51	1	0:00:56.722339
20300	406	562	0.685	0	0:00:56.755151
20400	408	-1	0.0	0	0:00:56.727842
20500	410	-1	0.0	0	0:00:56.779794
20600	412	412	0.411	1	0:00:56.740355
20700	414	414	0.535	1	0:00:56.843662
20800	416	416	3.81	1	0:00:56.737117
20900	418	563	1.06	0	0:00:56.807965
21000	420	785	0.185	0	0:00:56.733066
21100	422	604	0.862	0	0:00:56.745513
21200	424	-1	0.0	0	0:00:56.720006
21300	426	426	3.81	1	0:00:56.712167
21400	428	428	1.64	1	0:00:56.723178
21500	430	430	1.34	1	0:00:56.715988
21600	432	840	0.563	0	0:00:56.706186
21700	434	-1	0.0	0	0:00:56.718082
21800	436	436	2.85	1	0:00:56.835856
21900	438	659	0.124	0	0:00:56.713102
22000	440	-1	0.0	0	0:00:56.740176
22100	442	442	3.65	1	0:00:56.709203
22200	444	-1	0.0	0	0:00:56.725502
22300	446	-1	0.0	0	0:00:56.713395
22400	448	663	1.14	0	0:00:56.705340
22500	450	-1	0.0	0	0:00:56.706797
22600	452	-1	0.0	0	0:00:56.714913
22700	454	454	0.76	1	0:00:56.707038
22800	456	805	0.905	0	0:00:56.720725
22900	458	556	0.506	0	0:00:56.946220
23000	460	976	1.27	0	0:00:56.716650
23100	462	-1	0.0	0	0:00:56.716629
23200	464	686	0.515	0	0:00:56.707034
23300	466	466	3.53	1	0:00:56.744323
23400	468	468	2.93	1	0:00:56.716975
23500	470	-1	0.0	0	0:00:56.740175
23600	472	472	3.81	1	0:00:56.783239
23700	474	524	0.412	0	0:00:56.784761
23800	476	476	3.65	1	0:00:56.728072
23900	478	-1	0.0	0	0:00:56.820990
24000	480	877	1.38	0	0:00:56.740992
24100	482	509	0.794	0	0:00:56.752909
24200	484	871	3.74	0	0:00:56.749523
24300	486	486	2.78	1	0:00:56.727023
24400	488	-1	0.0	0	0:00:56.732389
24500	490	-1	0.0	0	0:00:56.725481
24600	492	565	0.605	0	0:00:56.835383
24700	494	878	3.37	0	0:00:56.732286
24800	496	591	0.179	0	0:00:56.745636
24900	498	498	3.38	1	0:00:56.740790
25000	500	500	2.58	1	0:00:56.817494
25100	502	502	3.15	1	0:00:56.737729
25200	504	766	1.21	0	0:00:56.742471
25300	506	-1	0.0	0	0:00:56.751277
25400	508	508	1.58	1	0:00:56.786736
25500	510	510	3.74	1	0:00:56.741356
25600	512	-1	0.0	0	0:00:56.757998
25700	514	514	3.81	1	0:00:56.735393
25800	516	-1	0.0	0	0:00:56.742130
25900	518	518	3.81	1	0:00:56.744282
26000	520	520	0.0932	1	0:00:56.743499
26100	522	522	2.36	1	0:00:56.764472
26200	524	-1	0.0	0	0:00:56.741528
26300	526	527	0.00737	0	0:00:56.746269
26400	528	478	2.39	0	0:00:56.742304
26500	530	897	0.309	0	0:00:56.741340
26600	532	846	1.57	0	0:00:56.717696
26700	534	-1	0.0	0	0:00:56.726901
26800	536	403	1.28	0	0:00:56.727704
26900	538	538	3.81	1	0:00:56.740711
27000	540	540	1.31	1	0:00:56.720478
27100	542	477	1.14	0	0:00:56.729075
27200	544	926	1.66	0	0:00:56.719037
27300	546	546	3.69	1	0:00:56.716210
27400	548	548	1.76	1	0:00:56.767395
27500	550	505	3.74	0	0:00:56.718892
27600	552	552	3.81	1	0:00:56.719880
27700	554	554	1.3	1	0:00:56.725735
27800	556	-1	0.0	0	0:00:56.765671
27900	558	257	1.16	0	0:00:56.727138
28000	560	560	1.74	1	0:00:56.796826
28100	562	562	1.96	1	0:00:56.708189
28200	564	-1	0.0	0	0:00:56.728608
28300	566	887	0.57	0	0:00:56.711351
28400	568	-1	0.0	0	0:00:56.812651
28500	570	818	0.175	0	0:00:56.705636
28600	572	784	0.861	0	0:00:56.709765
28700	574	574	3.81	1	0:00:56.743141
28800	576	880	0.204	0	0:00:56.720502
28900	578	578	0.655	1	0:00:56.807630
29000	580	738	0.144	0	0:00:56.724271
29100	582	-1	0.0	0	0:00:56.722011
29200	584	632	0.109	0	0:00:56.723690
29300	586	586	2.89	1	0:00:56.771649
29400	588	588	1.39	1	0:00:56.736867
29500	590	590	2.27	1	0:00:56.747875
29600	592	868	0.303	0	0:00:56.748513
29700	594	612	1.22	0	0:00:56.786400
29800	596	825	3.37	0	0:00:56.741676
29900	598	664	0.109	0	0:00:56.764124
30000	600	417	1.41	0	0:00:56.733945
30100	602	602	3.81	1	0:00:56.723004
30200	604	-1	0.0	0	0:00:56.769694
30300	606	606	2.01	1	0:00:56.737328
30400	608	523	0.866	0	0:00:56.746301
30500	610	610	0.127	1	0:00:56.729961
30600	612	612	3.81	1	0:00:56.747030
30700	614	-1	0.0	0	0:00:56.733348
30800	616	594	0.32	0	0:00:56.753320
30900	618	823	0.892	0	0:00:56.744516
31000	620	-1	0.0	0	0:00:56.756906
31100	622	622	3.81	1	0:00:56.737421
31200	624	-1	0.0	0	0:00:56.779190
31300	626	-1	0.0	0	0:00:56.756168
31400	628	737	2.61	0	0:00:56.792089
31500	630	-1	0.0	0	0:00:56.740516
31600	632	-1	0.0	0	0:00:56.740755
31700	634	489	3.81	0	0:00:56.761750
31800	636	636	3.62	1	0:00:56.734844
31900	638	445	3.62	0	0:00:56.789905
32000	640	640	3.74	1	0:00:56.735191
32100	642	642	3.21	1	0:00:56.731891
32200	644	-1	0.0	0	0:00:56.735853
32300	646	545	1.27	0	0:00:56.737948
32400	648	648	0.019	1	0:00:56.720374
32500	650	-1	0.0	0	0:00:56.815499
32600	652	652	1.75	1	0:00:56.718430
32700	654	654	0.108	1	0:00:56.732118
32800	656	656	2.47	1	0:00:56.717811
32900	658	658	3.81	1	0:00:56.719450
33000	660	660	3.74	1	0:00:56.784614
33100	662	-1	0.0	0	0:00:56.725695
33200	664	598	2.78	0	0:00:56.768359
33300	666	659	2.07	0	0:00:56.730721
33400	668	123	0.851	0	0:00:56.802147
33500	670	670	2.4	1	0:00:56.744144
33600	672	979	1.98	0	0:00:56.791847
33700	674	-1	0.0	0	0:00:56.755100
33800	676	-1	0.0	0	0:00:56.788769
33900	678	678	3.41	1	0:00:56.754572
34000	680	-1	0.0	0	0:00:56.790504
34100	682	657	0.13	0	0:00:56.749748
34200	684	684	0.0138	1	0:00:56.766254
34300	686	-1	0.0	0	0:00:56.741652
34400	688	688	3.81	1	0:00:56.737051
34500	690	690	1.4	1	0:00:56.753066
34600	692	571	1.14	0	0:00:56.738474
34700	694	694	3.81	1	0:00:56.736718
34800	696	-1	0.0	0	0:00:56.734342
34900	698	663	3.01	0	0:00:56.735585
35000	700	478	0.27	0	0:00:56.725467
35100	702	-1	0.0	0	0:00:56.746023
35200	704	877	1.42	0	0:00:56.718672
35300	706	536	0.771	0	0:00:56.727142
35400	708	682	3.81	0	0:00:56.715446
35500	710	-1	0.0	0	0:00:56.726742
35600	712	441	1.27	0	0:00:56.730113
35700	714	714	2.57	1	0:00:56.755039
35800	716	716	0.223	1	0:00:56.726949
35900	718	-1	0.0	0	0:00:56.723679
36000	720	951	0.988	0	0:00:56.728286
36100	722	722	2.88	1	0:00:56.716619
36200	724	780	3.81	0	0:00:56.766340
36300	726	726	1.43	1	0:00:56.729730
36400	728	728	0.957	1	0:00:56.799630
36500	730	856	1.08	0	0:00:56.723173
36600	732	732	3.47	1	0:00:56.798738
36700	734	734	2.38	1	0:00:56.729807
36800	736	736	3.81	1	0:00:56.753888
36900	738	-1	0.0	0	0:00:56.737939
37000	740	450	0.766	0	0:00:56.723419
37100	742	-1	0.0	0	0:00:56.731736
37200	744	442	3.28	0	0:00:56.732501
37300	746	746	3.81	1	0:00:56.766399
37400	748	893	1.04	0	0:00:56.733701
37500	750	259	0.251	0	0:00:56.739701
37600	752	532	0.535	0	0:00:56.736981
37700	754	848	0.8	0	0:00:56.792425
37800	756	756	3.81	1	0:00:56.740886
37900	758	726	1.84	0	0:00:56.771548
38000	760	799	1.48	0	0:00:56.744772
38100	762	762	0.912	1	0:00:56.760332
38200	764	650	0.349	0	0:00:56.737756
38300	766	766	3.81	1	0:00:56.807490
38400	768	758	1.13	0	0:00:56.728562
38500	770	-1	0.0	0	0:00:56.751423
38600	772	-1	0.0	0	0:00:56.731030
38700	774	774	0.0328	1	0:00:56.731066
38800	776	645	0.234	0	0:00:56.771598
38900	778	747	1.78	0	0:00:56.720643
39000	780	-1	0.0	0	0:00:56.737808
39100	782	664	0.996	0	0:00:56.722898
39200	784	828	0.907	0	0:00:56.812592
39300	786	665	0.508	0	0:00:56.725643
39400	788	422	0.426	0	0:00:56.773100
39500	790	791	0.995	0	0:00:56.719515
39600	792	795	0.828	0	0:00:56.738338
39700	794	794	1.84	1	0:00:56.736013
39800	796	796	3.81	1	0:00:56.742181
39900	798	426	1.41	0	0:00:56.736940
40000	800	800	3.81	1	0:00:56.797614
40100	802	802	1.26	1	0:00:56.765960
40200	804	707	0.0719	0	0:00:56.727000
40300	806	806	0.842	1	0:00:56.751079
40400	808	808	1.03	1	0:00:56.730922
40500	810	810	3.81	1	0:00:56.744184
40600	812	812	3.4	1	0:00:56.722238
40700	814	554	1.25	0	0:00:56.711836
40800	816	816	0.784	1	0:00:56.726535
40900	818	758	1.01	0	0:00:56.762902
41000	820	-1	0.0	0	0:00:56.727675
41100	822	822	3.59	1	0:00:56.722597
41200	824	-1	0.0	0	0:00:56.707601
41300	826	826	0.969	1	0:00:56.729464
41400	828	818	3.59	0	0:00:56.711102
41500	830	-1	0.0	0	0:00:56.712425
41600	832	832	3.74	1	0:00:56.719204
41700	834	-1	0.0	0	0:00:56.724441
41800	836	444	0.301	0	0:00:56.718007
41900	838	692	0.499	0	0:00:56.763772
42000	840	545	0.182	0	0:00:56.795167
42100	842	842	0.0352	1	0:00:56.725724
42200	844	844	2.48	1	0:00:56.770561
42300	846	583	0.299	0	0:00:56.734200
42400	848	-1	0.0	0	0:00:56.721292
42500	850	850	1.28	1	0:00:56.720367
42600	852	852	3.81	1	0:00:56.772242
42700	854	950	0.697	0	0:00:56.721672
42800	856	856	0.245	1	0:00:56.789227
42900	858	858	0.17	1	0:00:56.729011
43000	860	925	0.814	0	0:00:56.723777
43100	862	862	1.48	1	0:00:56.774558
43200	864	-1	0.0	0	0:00:56.719220
43300	866	-1	0.0	0	0:00:56.739820
43400	868	967	0.868	0	0:00:56.734988
43500	870	723	0.456	0	0:00:56.771469
43600	872	-1	0.0	0	0:00:56.739176
43700	874	874	3.65	1	0:00:56.820064
43800	876	648	1.29	0	0:00:56.756733
43900	878	878	1.71	1	0:00:56.782253
44000	880	-1	0.0	0	0:00:56.777806
44100	882	760	1.13	0	0:00:56.777530
44200	884	884	1.06	1	0:00:56.724605
44300	886	886	1.44	1	0:00:56.748647
44400	888	718	3.74	0	0:00:56.733867
44500	890	645	0.635	0	0:00:56.754312
44600	892	663	0.0781	0	0:00:56.735315
44700	894	894	1.78	1	0:00:56.748098
44800	896	-1	0.0	0	0:00:56.778698
44900	898	458	1.52	0	0:00:56.737033
45000	900	900	0.943	1	0:00:56.743805
45100	902	902	3.81	1	0:00:56.800863
45200	904	905	0.843	0	0:00:56.793277
45300	906	906	3.11	1	0:00:56.753034
45400	908	908	0.791	1	0:00:56.802254
45500	910	641	3.69	0	0:00:56.746191
45600	912	730	0.0903	0	0:00:56.772222
45700	914	914	3.81	1	0:00:56.752978
45800	916	916	3.81	1	0:00:56.746919
45900	918	918	3.46	1	0:00:56.767010
46000	920	-1	0.0	0	0:00:56.744005
46100	922	922	3.81	1	0:00:56.787839
46200	924	924	2.12	1	0:00:56.753848
46300	926	926	3.81	1	0:00:56.788294
46400	928	332	1.75	0	0:00:56.751344
46500	930	964	2.19	0	0:00:56.763658
46600	932	932	0.302	1	0:00:56.745280
46700	934	-1	0.0	0	0:00:56.765504
46800	936	936	2.67	1	0:00:56.737492
46900	938	937	1.23	0	0:00:56.795443
47000	940	940	0.624	1	0:00:56.738069
47100	942	942	3.81	1	0:00:56.787694
47200	944	946	3.81	0	0:00:56.747926
47300	946	946	3.81	1	0:00:56.746369
47400	948	948	3.4	1	0:00:56.872172
47500	950	950	3.25	1	0:00:56.739205
47600	952	90	3.62	0	0:00:56.736322
47700	954	996	1.42	0	0:00:56.741360
47800	956	956	3.81	1	0:00:56.753248
47900	958	483	3.28	0	0:00:56.741826
48000	960	903	0.651	0	0:00:56.921984
48100	962	943	1.26	0	0:00:56.740993
48200	964	-1	0.0	0	0:00:56.785293
48300	966	-1	0.0	0	0:00:56.757623
48400	968	968	0.811	1	0:00:56.814323
48500	970	795	3.81	0	0:00:56.748488
48600	972	979	2.53	0	0:00:56.765491
48700	974	974	3.81	1	0:00:56.751071
48800	976	147	0.253	0	0:00:56.748847
48900	978	-1	0.0	0	0:00:56.800269
49000	980	980	3.81	1	0:00:56.760584
49100	982	667	0.423	0	0:00:56.777172
49200	984	984	3.81	1	0:00:56.752779
49300	986	986	3.81	1	0:00:56.809723
49400	988	112	0.825	0	0:00:56.742702
49500	990	952	0.897	0	0:00:56.811116
49600	992	992	2.15	1	0:00:56.750950
49700	994	994	3.62	1	0:00:56.763718
49800	996	996	0.527	1	0:00:56.748790
49900	998	998	0.52	1	0:00:56.761951
