idx	label	predict	radius	correct	time
0	0	0	0.00135	1	0:01:12.499841
100	2	2	1.84	1	0:00:58.910285
200	4	418	0.794	0	0:00:58.937454
300	6	6	1.63	1	0:00:59.053825
400	8	8	1.91	1	0:00:58.996559
500	10	10	1.91	1	0:00:58.980338
600	12	448	0.421	0	0:00:58.910434
700	14	14	1.91	1	0:00:58.928877
800	16	16	1.84	1	0:00:58.901315
900	18	-1	0.0	0	0:00:58.913012
1000	20	20	1.41	1	0:00:58.905604
1100	22	21	0.532	0	0:00:58.910523
1200	24	24	1.91	1	0:00:58.894391
1300	26	26	1.2	1	0:00:58.895507
1400	28	-1	0.0	0	0:00:58.906700
1500	30	30	1.34	1	0:00:58.881078
1600	32	103	0.71	0	0:00:58.908837
1700	34	-1	0.0	0	0:00:58.891982
1800	36	35	1.83	0	0:00:58.898566
1900	38	44	1.26	0	0:00:58.894654
2000	40	-1	0.0	0	0:00:59.019446
2100	42	48	1.91	0	0:00:58.901512
2200	44	44	1.91	1	0:00:58.869241
2300	46	40	0.132	0	0:00:58.909010
2400	48	418	0.178	0	0:00:58.877467
2500	50	50	0.263	1	0:00:58.900149
2600	52	111	0.109	0	0:00:58.880636
2700	54	57	1.91	0	0:00:58.881012
2800	56	56	1.91	1	0:00:58.889103
2900	58	114	1.23	0	0:00:58.877473
3000	60	61	1.33	0	0:00:58.903115
3100	62	61	1.91	0	0:00:58.883629
3200	64	64	1.48	1	0:00:58.888810
3300	66	42	0.0791	0	0:00:58.867455
3400	68	111	1.33	0	0:00:58.878887
3500	70	70	1.91	1	0:00:58.880318
3600	72	72	1.91	1	0:00:58.854763
3700	74	78	0.505	0	0:00:58.872928
3800	76	76	1.05	1	0:00:58.853268
3900	78	78	1.38	1	0:00:58.872005
4000	80	80	1.91	1	0:00:58.869824
4100	82	82	1.61	1	0:00:58.884710
4200	84	84	1.53	1	0:00:58.869475
4300	86	86	1.22	1	0:00:58.866575
4400	88	88	1.5	1	0:00:58.864432
4500	90	90	1.91	1	0:00:58.857531
4600	92	92	0.608	1	0:00:58.872490
4700	94	94	1.63	1	0:00:58.859531
4800	96	96	1.91	1	0:00:58.870075
4900	98	98	0.872	1	0:00:58.857836
5000	100	100	1.91	1	0:00:58.857733
5100	102	102	1.91	1	0:00:58.880409
5200	104	342	0.0999	0	0:00:58.860658
5300	106	106	1.45	1	0:00:58.873625
5400	108	470	1.28	0	0:00:58.861041
5500	110	110	1.18	1	0:00:58.891279
5600	112	112	1.04	1	0:00:58.859063
5700	114	113	1.58	0	0:00:58.873938
5800	116	116	1.91	1	0:00:58.883700
5900	118	118	1.43	1	0:00:58.867147
6000	120	-1	0.0	0	0:00:58.888065
6100	122	122	1.81	1	0:00:58.858898
6200	124	-1	0.0	0	0:00:58.882322
6300	126	307	0.779	0	0:00:58.873512
6400	128	128	1.91	1	0:00:58.864041
6500	130	130	0.872	1	0:00:58.851960
6600	132	132	1.8	1	0:00:58.840586
6700	134	132	1.11	0	0:00:58.856382
6800	136	136	1.91	1	0:00:58.842604
6900	138	138	1.91	1	0:00:58.859321
7000	140	140	1.91	1	0:00:58.845839
7100	142	135	0.171	0	0:00:58.854538
7200	144	144	0.0979	1	0:00:58.854445
7300	146	138	0.238	0	0:00:58.859175
7400	148	148	1.91	1	0:00:58.861793
7500	150	360	1.5	0	0:00:58.854283
7600	152	152	1.91	1	0:00:58.867856
7700	154	154	0.21	1	0:00:58.839308
7800	156	156	1.91	1	0:00:58.853822
7900	158	158	0.865	1	0:00:58.841922
8000	160	160	1.75	1	0:00:58.864009
8100	162	162	1.53	1	0:00:58.875688
8200	164	217	0.0647	0	0:00:58.879100
8300	166	166	0.743	1	0:00:58.843386
8400	168	125	0.0891	0	0:00:58.822257
8500	170	172	0.402	0	0:00:58.855824
8600	172	172	0.455	1	0:00:58.840126
8700	174	174	1.65	1	0:00:58.843814
8800	176	176	1.17	1	0:00:58.833890
8900	178	178	1.91	1	0:00:58.832218
9000	180	243	0.7	0	0:00:58.845479
9100	182	760	0.776	0	0:00:58.835774
9200	184	189	0.323	0	0:00:58.847148
9300	186	192	0.515	0	0:00:58.847698
9400	188	-1	0.0	0	0:00:58.857738
9500	190	190	1.91	1	0:00:58.841977
9600	192	199	0.384	0	0:00:58.834975
9700	194	996	0.308	0	0:00:58.863509
9800	196	199	1.91	0	0:00:58.829219
9900	198	-1	0.0	0	0:00:58.845345
10000	200	-1	0.0	0	0:00:58.840472
10100	202	202	1.56	1	0:00:58.858084
10200	204	204	1.91	1	0:00:58.844965
10300	206	206	1.38	1	0:00:58.851493
10400	208	208	1.12	1	0:00:58.853669
10500	210	210	0.0716	1	0:00:58.838485
10600	212	194	0.183	0	0:00:58.858459
10700	214	-1	0.0	0	0:00:58.848327
10800	216	216	0.545	1	0:00:58.851126
10900	218	218	1.91	1	0:00:58.841345
11000	220	220	1.83	1	0:00:58.844094
11100	222	270	0.203	0	0:00:58.860247
11200	224	-1	0.0	0	0:00:58.824883
11300	226	226	1.57	1	0:00:58.847435
11400	228	228	1.31	1	0:00:58.832839
11500	230	231	0.442	0	0:00:58.864855
11600	232	232	1.75	1	0:00:58.850594
11700	234	205	0.154	0	0:00:58.869781
11800	236	-1	0.0	0	0:00:58.863630
11900	238	238	1.91	1	0:00:58.853793
12000	240	238	1.87	0	0:00:58.865304
12100	242	-1	0.0	0	0:00:58.843560
12200	244	244	1.91	1	0:00:58.860887
12300	246	251	0.48	0	0:00:58.912265
12400	248	248	1.33	1	0:00:58.860356
12500	250	-1	0.0	0	0:00:58.900748
12600	252	252	1.25	1	0:00:58.855842
12700	254	254	0.336	1	0:00:58.876489
12800	256	256	1.91	1	0:00:58.862755
12900	258	232	0.52	0	0:00:58.886022
13000	260	260	0.21	1	0:00:58.878422
13100	262	262	1.91	1	0:00:58.891666
13200	264	264	0.751	1	0:00:58.873846
13300	266	266	1.26	1	0:00:58.874829
13400	268	268	1.91	1	0:00:58.879128
13500	270	270	1.91	1	0:00:58.862736
13600	272	277	0.682	0	0:00:58.892066
13700	274	274	1.91	1	0:00:58.878022
13800	276	276	1.91	1	0:00:58.885674
13900	278	278	1.38	1	0:00:58.868838
14000	280	280	1.91	1	0:00:58.876046
14100	282	282	1.87	1	0:00:58.874637
14200	284	284	1.91	1	0:00:58.858273
14300	286	286	1.91	1	0:00:58.870662
14400	288	288	1.06	1	0:00:58.845249
14500	290	290	1.77	1	0:00:58.862317
14600	292	290	1.91	0	0:00:58.848606
14700	294	294	1.91	1	0:00:58.854700
14800	296	270	0.371	0	0:00:58.861101
14900	298	-1	0.0	0	0:00:58.844598
15000	300	300	1.91	1	0:00:58.880034
15100	302	310	0.111	0	0:00:58.840951
15200	304	-1	0.0	0	0:00:58.875062
15300	306	306	0.314	1	0:00:58.851193
15400	308	303	0.452	0	0:00:58.869067
15500	310	310	1.91	1	0:00:58.860894
15600	312	418	1.39	0	0:00:58.836688
15700	314	314	0.337	1	0:00:58.859176
15800	316	316	1.91	1	0:00:58.838120
15900	318	318	0.865	1	0:00:58.898741
16000	320	320	1.91	1	0:00:58.855827
16100	322	322	1.0	1	0:00:58.872540
16200	324	324	1.91	1	0:00:58.860578
16300	326	326	1.54	1	0:00:58.858979
16400	328	328	1.91	1	0:00:58.865177
16500	330	330	0.552	1	0:00:58.859123
16600	332	-1	0.0	0	0:00:58.876631
16700	334	334	1.91	1	0:00:58.857574
16800	336	373	0.0878	0	0:00:58.913239
16900	338	617	0.845	0	0:00:58.858926
17000	340	340	1.91	1	0:00:58.862476
17100	342	342	0.595	1	0:00:58.871541
17200	344	344	0.231	1	0:00:58.858882
17300	346	346	0.0332	1	0:00:58.879231
17400	348	348	1.91	1	0:00:58.865027
17500	350	350	1.91	1	0:00:58.888180
17600	352	352	1.83	1	0:00:58.873744
17700	354	354	1.59	1	0:00:58.883547
17800	356	357	0.102	0	0:00:58.895063
17900	358	359	1.91	0	0:00:58.876113
18000	360	360	1.44	1	0:00:58.895923
18100	362	362	1.91	1	0:00:58.878701
18200	364	364	1.43	1	0:00:58.890342
18300	366	366	0.869	1	0:00:58.890217
18400	368	374	0.169	0	0:00:58.894814
18500	370	370	1.91	1	0:00:58.889831
18600	372	372	0.122	1	0:00:58.930333
18700	374	367	0.352	0	0:00:58.911184
18800	376	376	1.84	1	0:00:58.877477
18900	378	244	0.133	0	0:00:58.915616
19000	380	380	1.61	1	0:00:58.895216
19100	382	382	1.91	1	0:00:58.910283
19200	384	-1	0.0	0	0:00:58.883431
19300	386	386	1.1	1	0:00:58.883940
19400	388	388	1.04	1	0:00:58.889691
19500	390	390	1.75	1	0:00:58.883813
19600	392	397	1.67	0	0:00:58.900170
19700	394	-1	0.0	0	0:00:58.880130
19800	396	396	1.91	1	0:00:58.908220
19900	398	398	1.91	1	0:00:58.883952
20000	400	400	0.278	1	0:00:58.886144
20100	402	990	0.179	0	0:00:58.885620
20200	404	404	1.91	1	0:00:58.872517
20300	406	406	0.791	1	0:00:58.895507
20400	408	847	0.24	0	0:00:58.883397
20500	410	849	0.582	0	0:00:58.907250
20600	412	412	1.39	1	0:00:58.885587
20700	414	414	1.91	1	0:00:58.975706
20800	416	416	1.81	1	0:00:58.899945
20900	418	563	1.91	0	0:00:58.887197
21000	420	418	0.37	0	0:00:58.903528
21100	422	-1	0.0	0	0:00:58.867646
21200	424	424	0.69	1	0:00:58.879107
21300	426	426	1.91	1	0:00:58.882790
21400	428	428	1.91	1	0:00:58.885427
21500	430	430	1.37	1	0:00:58.874690
21600	432	432	1.91	1	0:00:58.880983
21700	434	-1	0.0	0	0:00:58.898376
21800	436	436	1.91	1	0:00:58.915764
21900	438	-1	0.0	0	0:00:58.898812
22000	440	440	0.244	1	0:00:58.872869
22100	442	442	1.91	1	0:00:58.894754
22200	444	-1	0.0	0	0:00:58.879689
22300	446	446	1.11	1	0:00:58.886567
22400	448	448	1.0	1	0:00:58.896585
22500	450	670	0.181	0	0:00:58.876931
22600	452	452	0.194	1	0:00:58.907624
22700	454	454	1.19	1	0:00:58.883292
22800	456	522	0.809	0	0:00:58.917826
22900	458	-1	0.0	0	0:00:58.898231
23000	460	976	1.66	0	0:00:58.907112
23100	462	418	0.106	0	0:00:58.923910
23200	464	746	0.133	0	0:00:58.900760
23300	466	466	1.91	1	0:00:58.909776
23400	468	468	1.91	1	0:00:58.890521
23500	470	624	0.0643	0	0:00:58.925247
23600	472	472	1.91	1	0:00:58.976521
23700	474	735	1.39	0	0:00:58.928062
23800	476	476	1.19	1	0:00:58.916506
23900	478	553	0.365	0	0:00:58.900712
24000	480	788	0.471	0	0:00:58.914377
24100	482	788	0.412	0	0:00:58.913640
24200	484	871	1.91	0	0:00:58.913013
24300	486	486	0.996	1	0:00:58.903156
24400	488	562	0.513	0	0:00:58.909585
24500	490	490	1.04	1	0:00:58.906080
24600	492	492	0.6	1	0:00:58.901609
24700	494	827	0.198	0	0:00:58.904874
24800	496	411	0.6	0	0:00:58.892646
24900	498	498	1.91	1	0:00:58.920172
25000	500	500	1.91	1	0:00:58.907023
25100	502	502	1.87	1	0:00:58.935886
25200	504	470	0.188	0	0:00:58.906669
25300	506	506	1.84	1	0:00:58.914080
25400	508	508	1.91	1	0:00:58.928967
25500	510	510	1.91	1	0:00:58.904128
25600	512	889	0.571	0	0:00:58.921870
25700	514	514	1.91	1	0:00:58.896839
25800	516	-1	0.0	0	0:00:58.925828
25900	518	518	1.91	1	0:00:58.897142
26000	520	520	1.65	1	0:00:58.908836
26100	522	522	1.52	1	0:00:58.920588
26200	524	-1	0.0	0	0:00:58.899394
26300	526	-1	0.0	0	0:00:58.928950
26400	528	478	0.341	0	0:00:58.908131
26500	530	531	1.31	0	0:00:58.922825
26600	532	846	1.72	0	0:00:58.911076
26700	534	534	0.304	1	0:00:58.918995
26800	536	403	0.943	0	0:00:58.916804
26900	538	538	1.91	1	0:00:58.907514
27000	540	540	1.27	1	0:00:58.933943
27100	542	477	0.809	0	0:00:58.903487
27200	544	926	1.66	0	0:00:58.920114
27300	546	546	1.91	1	0:00:58.920216
27400	548	548	1.23	1	0:00:58.933247
27500	550	550	1.25	1	0:00:58.916680
27600	552	552	1.91	1	0:00:58.915348
27700	554	554	1.8	1	0:00:58.919116
27800	556	516	0.347	0	0:00:58.909819
27900	558	257	0.612	0	0:00:58.929125
28000	560	560	1.91	1	0:00:58.909148
28100	562	562	1.84	1	0:00:58.923109
28200	564	669	0.41	0	0:00:58.909931
28300	566	566	0.626	1	0:00:58.910783
28400	568	399	1.39	0	0:00:58.915751
28500	570	632	0.148	0	0:00:58.911870
28600	572	-1	0.0	0	0:00:58.925122
28700	574	574	1.91	1	0:00:58.905020
28800	576	-1	0.0	0	0:00:58.921286
28900	578	578	0.912	1	0:00:58.905648
29000	580	738	0.553	0	0:00:58.916148
29100	582	778	0.484	0	0:00:58.939484
29200	584	-1	0.0	0	0:00:58.915377
29300	586	586	1.91	1	0:00:58.954356
29400	588	588	1.91	1	0:00:58.928122
29500	590	590	0.566	1	0:00:58.944949
29600	592	592	0.668	1	0:00:58.935026
29700	594	612	0.251	0	0:00:58.943157
29800	596	825	0.952	0	0:00:58.932588
29900	598	664	1.76	0	0:00:58.911406
30000	600	920	0.573	0	0:00:58.925463
30100	602	602	1.91	1	0:00:58.904486
30200	604	859	0.118	0	0:00:58.912888
30300	606	606	1.91	1	0:00:58.919730
30400	608	-1	0.0	0	0:00:58.921354
30500	610	610	1.87	1	0:00:58.904913
30600	612	612	1.91	1	0:00:58.906436
30700	614	614	1.35	1	0:00:58.912691
30800	616	418	0.0516	0	0:00:58.895188
30900	618	823	0.491	0	0:00:58.916967
31000	620	681	0.219	0	0:00:58.905398
31100	622	622	1.91	1	0:00:58.921531
31200	624	-1	0.0	0	0:00:58.916546
31300	626	-1	0.0	0	0:00:58.911400
31400	628	624	0.464	0	0:00:58.917148
31500	630	703	0.489	0	0:00:58.894612
31600	632	632	1.91	1	0:00:58.914263
31700	634	489	1.68	0	0:00:58.886938
31800	636	636	1.91	1	0:00:58.924797
31900	638	445	1.91	0	0:00:58.905004
32000	640	640	1.91	1	0:00:58.898576
32100	642	642	1.91	1	0:00:58.913751
32200	644	644	1.91	1	0:00:59.010779
32300	646	646	1.91	1	0:00:58.917691
32400	648	553	1.14	0	0:00:58.890981
32500	650	418	0.323	0	0:00:58.917322
32600	652	652	1.43	1	0:00:58.921109
32700	654	436	0.9	0	0:00:58.926066
32800	656	436	0.179	0	0:00:58.932477
32900	658	658	1.91	1	0:00:58.909708
33000	660	660	1.32	1	0:00:58.937402
33100	662	-1	0.0	0	0:00:58.930255
33200	664	851	1.31	0	0:00:58.939624
33300	666	659	1.04	0	0:00:58.926848
33400	668	-1	0.0	0	0:00:58.932735
33500	670	670	1.91	1	0:00:58.917810
33600	672	979	0.762	0	0:00:58.936034
33700	674	532	0.351	0	0:00:58.948956
33800	676	-1	0.0	0	0:00:58.927577
33900	678	678	1.91	1	0:00:58.955497
34000	680	418	1.91	0	0:00:58.936704
34100	682	682	1.91	1	0:00:58.954271
34200	684	684	1.91	1	0:00:58.939199
34300	686	535	0.213	0	0:00:58.937834
34400	688	688	1.91	1	0:00:58.932729
34500	690	690	1.91	1	0:00:58.924871
34600	692	571	0.184	0	0:00:58.941696
34700	694	694	1.91	1	0:00:58.908878
34800	696	418	0.245	0	0:00:58.933229
34900	698	663	1.91	0	0:00:58.912562
35000	700	-1	0.0	0	0:00:58.908502
35100	702	602	0.16	0	0:00:58.920209
35200	704	704	0.607	1	0:00:58.910459
35300	706	536	0.172	0	0:00:58.928280
35400	708	682	1.58	0	0:00:58.914514
35500	710	414	0.103	0	0:00:58.931798
35600	712	-1	0.0	0	0:00:58.916775
35700	714	714	1.91	1	0:00:58.927849
35800	716	716	1.91	1	0:00:58.920966
35900	718	-1	0.0	0	0:00:58.903234
36000	720	951	0.457	0	0:00:58.935120
36100	722	722	1.91	1	0:00:58.920965
36200	724	780	1.91	0	0:00:58.935481
36300	726	726	1.91	1	0:00:58.926535
36400	728	728	0.884	1	0:00:58.926670
36500	730	595	0.335	0	0:00:58.923083
36600	732	732	1.91	1	0:00:58.924407
36700	734	734	1.91	1	0:00:58.923970
36800	736	736	1.91	1	0:00:58.914757
36900	738	738	1.05	1	0:00:58.932993
37000	740	796	0.03	0	0:00:58.924320
37100	742	418	0.165	0	0:00:58.925241
37200	744	657	0.55	0	0:00:58.901620
37300	746	746	1.91	1	0:00:58.908517
37400	748	748	0.241	1	0:00:58.907131
37500	750	208	0.241	0	0:00:58.903398
37600	752	765	0.226	0	0:00:58.924780
37700	754	485	0.256	0	0:00:58.894580
37800	756	756	1.91	1	0:00:58.922282
37900	758	-1	0.0	0	0:00:58.902919
38000	760	799	0.238	0	0:00:58.916522
38100	762	762	1.91	1	0:00:58.909610
38200	764	593	0.143	0	0:00:58.891214
38300	766	766	1.91	1	0:00:58.910196
38400	768	758	0.0786	0	0:00:58.881598
38500	770	770	0.458	1	0:00:58.898628
38600	772	772	0.69	1	0:00:58.898551
38700	774	774	1.43	1	0:00:58.902121
38800	776	875	0.904	0	0:00:58.899893
38900	778	-1	0.0	0	0:00:58.885386
39000	780	914	0.462	0	0:00:58.917410
39100	782	598	0.233	0	0:00:58.881958
39200	784	828	1.01	0	0:00:58.988149
39300	786	-1	0.0	0	0:00:58.889692
39400	788	702	0.774	0	0:00:58.897318
39500	790	791	0.933	0	0:00:58.897243
39600	792	792	1.91	1	0:00:58.889792
39700	794	794	1.91	1	0:00:58.897961
39800	796	796	1.91	1	0:00:58.878718
39900	798	798	0.651	1	0:00:58.901692
40000	800	800	1.91	1	0:00:58.890889
40100	802	802	1.14	1	0:00:58.953451
40200	804	804	1.22	1	0:00:58.889753
40300	806	806	0.625	1	0:00:58.893116
40400	808	808	0.418	1	0:00:58.905528
40500	810	810	1.53	1	0:00:58.891462
40600	812	812	1.91	1	0:00:58.905446
40700	814	554	0.634	0	0:00:58.899289
40800	816	816	1.91	1	0:00:58.898547
40900	818	759	0.131	0	0:00:58.888266
41000	820	820	0.338	1	0:00:58.885893
41100	822	822	1.91	1	0:00:58.892815
41200	824	824	0.967	1	0:00:58.890878
41300	826	531	1.26	0	0:00:58.919830
41400	828	818	1.67	0	0:00:58.877568
41500	830	-1	0.0	0	0:00:58.898127
41600	832	832	1.84	1	0:00:58.877569
41700	834	834	1.84	1	0:00:58.886068
41800	836	-1	0.0	0	0:00:58.885186
41900	838	631	0.32	0	0:00:58.949343
42000	840	840	1.87	1	0:00:58.893018
42100	842	752	0.239	0	0:00:58.859584
42200	844	844	1.91	1	0:00:58.889562
42300	846	583	0.0611	0	0:00:58.876384
42400	848	-1	0.0	0	0:00:58.885349
42500	850	850	0.728	1	0:00:58.872376
42600	852	852	1.91	1	0:00:58.874600
42700	854	854	1.01	1	0:00:58.887240
42800	856	856	0.704	1	0:00:58.866715
42900	858	858	0.181	1	0:00:58.891337
43000	860	892	1.11	0	0:00:58.861534
43100	862	470	1.31	0	0:00:58.895623
43200	864	803	0.131	0	0:00:58.865383
43300	866	-1	0.0	0	0:00:58.876101
43400	868	967	0.813	0	0:00:58.866565
43500	870	-1	0.0	0	0:00:58.865999
43600	872	840	1.64	0	0:00:58.891151
43700	874	874	1.91	1	0:00:58.869929
43800	876	418	0.378	0	0:00:58.885399
43900	878	878	1.5	1	0:00:58.870396
44000	880	-1	0.0	0	0:00:58.928924
44100	882	-1	0.0	0	0:00:58.887209
44200	884	884	1.91	1	0:00:58.865272
44300	886	886	1.91	1	0:00:58.898306
44400	888	718	0.438	0	0:00:58.879733
44500	890	890	0.838	1	0:00:58.893301
44600	892	858	0.00524	0	0:00:58.876549
44700	894	894	1.35	1	0:00:58.894089
44800	896	418	0.535	0	0:00:58.882688
44900	898	458	0.409	0	0:00:58.878194
45000	900	900	1.91	1	0:00:58.895264
45100	902	902	1.91	1	0:00:58.932250
45200	904	905	1.62	0	0:00:58.885268
45300	906	906	1.24	1	0:00:58.856991
45400	908	895	1.24	0	0:00:58.860168
45500	910	641	0.147	0	0:00:58.866968
45600	912	730	0.35	0	0:00:58.864695
45700	914	914	1.91	1	0:00:58.873103
45800	916	916	1.91	1	0:00:58.861483
45900	918	918	1.91	1	0:00:58.875878
46000	920	418	0.964	0	0:00:58.846379
46100	922	922	1.91	1	0:00:58.874259
46200	924	924	1.09	1	0:00:58.861006
46300	926	926	1.91	1	0:00:58.866026
46400	928	991	0.251	0	0:00:58.863183
46500	930	930	0.282	1	0:00:58.858451
46600	932	932	1.91	1	0:00:58.884318
46700	934	937	1.4	0	0:00:58.861427
46800	936	936	1.7	1	0:00:58.890732
46900	938	937	1.05	0	0:00:58.934084
47000	940	940	0.465	1	0:00:58.881650
47100	942	942	1.91	1	0:00:58.875296
47200	944	946	1.91	0	0:00:58.868755
47300	946	946	1.91	1	0:00:58.890859
47400	948	948	0.969	1	0:00:58.872094
47500	950	950	0.881	1	0:00:58.890255
47600	952	90	1.91	0	0:00:58.875690
47700	954	-1	0.0	0	0:00:58.887683
47800	956	956	1.91	1	0:00:58.887023
47900	958	483	1.3	0	0:00:58.888607
48000	960	-1	0.0	0	0:00:58.887397
48100	962	962	1.53	1	0:00:58.943544
48200	964	961	0.595	0	0:00:58.886697
48300	966	630	0.0939	0	0:00:58.889452
48400	968	968	1.91	1	0:00:58.891442
48500	970	795	1.91	0	0:00:58.886296
48600	972	979	1.91	0	0:00:58.882006
48700	974	974	1.91	1	0:00:58.887212
48800	976	972	0.23	0	0:00:58.890154
48900	978	802	0.107	0	0:00:58.908318
49000	980	980	1.91	1	0:00:58.872016
49100	982	982	1.91	1	0:00:58.896195
49200	984	984	1.91	1	0:00:58.881918
49300	986	986	1.91	1	0:00:58.880928
49400	988	112	0.106	0	0:00:58.878614
49500	990	956	0.392	0	0:00:58.867123
49600	992	992	1.64	1	0:00:58.878713
49700	994	994	1.91	1	0:00:58.867304
49800	996	996	0.812	1	0:00:58.878791
49900	998	987	1.91	0	0:00:58.878141
