idx	label	predict	radius	correct	time
0	0	58	1.74	0	0:02:05.297042
100	2	2	1.44	1	0:02:04.091836
200	4	-1	0.0	0	0:02:04.107422
300	6	69	1.64	0	0:02:04.097523
400	8	8	1.11	1	0:02:04.096932
500	10	10	3.81	1	0:02:04.061527
600	12	835	0.453	0	0:02:04.098545
700	14	14	2.56	1	0:02:04.094403
800	16	16	1.92	1	0:02:04.118585
900	18	99	0.00183	0	0:02:04.122862
1000	20	20	2.26	1	0:02:04.086265
1100	22	21	1.45	0	0:02:04.078880
1200	24	24	3.81	1	0:02:04.086790
1300	26	26	0.588	1	0:02:04.085327
1400	28	-1	0.0	0	0:02:04.097523
1500	30	30	0.831	1	0:02:04.060631
1600	32	103	1.27	0	0:02:04.037239
1700	34	-1	0.0	0	0:02:04.085040
1800	36	35	0.895	0	0:02:04.114433
1900	38	44	0.63	0	0:02:04.099269
2000	40	-1	0.0	0	0:02:04.231039
2100	42	-1	0.0	0	0:02:04.320830
2200	44	44	2.43	1	0:02:04.298295
2300	46	40	2.95	0	0:02:04.269997
2400	48	-1	0.0	0	0:02:04.282799
2500	50	47	0.154	0	0:02:04.307313
2600	52	329	1.99	0	0:02:04.249050
2700	54	57	3.81	0	0:02:04.267760
2800	56	56	3.26	1	0:02:04.296443
2900	58	114	0.491	0	0:02:04.304762
3000	60	61	0.779	0	0:02:04.276217
3100	62	61	2.45	0	0:02:04.263533
3200	64	64	2.57	1	0:02:04.277601
3300	66	-1	0.0	0	0:02:04.299991
3400	68	111	2.3	0	0:02:04.302565
3500	70	70	3.81	1	0:02:04.295428
3600	72	72	3.81	1	0:02:04.300251
3700	74	417	1.65	0	0:02:04.326658
3800	76	-1	0.0	0	0:02:04.319889
3900	78	70	0.11	0	0:02:04.310952
4000	80	80	3.81	1	0:02:04.289539
4100	82	82	1.64	1	0:02:04.304375
4200	84	108	1.47	0	0:02:04.312864
4300	86	-1	0.0	0	0:02:04.325442
4400	88	319	1.17	0	0:02:04.318853
4500	90	90	1.32	1	0:02:04.311029
4600	92	14	0.259	0	0:02:04.286952
4700	94	94	1.08	1	0:02:04.288275
4800	96	96	3.81	1	0:02:04.330020
4900	98	147	0.26	0	0:02:04.296560
5000	100	100	3.81	1	0:02:04.315140
5100	102	316	0.771	0	0:02:04.300690
5200	104	342	0.00759	0	0:02:04.324862
5300	106	106	2.8	1	0:02:04.295520
5400	108	470	1.86	0	0:02:04.349205
5500	110	110	0.515	1	0:02:04.333220
5600	112	726	0.582	0	0:02:04.322371
5700	114	-1	0.0	0	0:02:04.332304
5800	116	116	3.65	1	0:02:04.328453
5900	118	118	0.327	1	0:02:04.334614
6000	120	-1	0.0	0	0:02:04.335330
6100	122	641	0.017	0	0:02:04.331935
6200	124	-1	0.0	0	0:02:04.365873
6300	126	-1	0.0	0	0:02:04.352315
6400	128	128	3.81	1	0:02:04.307588
6500	130	129	1.94	0	0:02:04.307132
6600	132	132	1.44	1	0:02:04.313294
6700	134	-1	0.0	0	0:02:04.286496
6800	136	136	3.81	1	0:02:04.349519
6900	138	138	2.62	1	0:02:04.341692
7000	140	140	3.81	1	0:02:04.314665
7100	142	135	0.489	0	0:02:04.325325
7200	144	-1	0.0	0	0:02:04.308612
7300	146	-1	0.0	0	0:02:04.331506
7400	148	148	3.81	1	0:02:04.315316
7500	150	360	0.0447	0	0:02:04.292763
7600	152	152	0.576	1	0:02:04.294918
7700	154	186	0.475	0	0:02:04.330450
7800	156	156	3.74	1	0:02:04.302974
7900	158	227	0.574	0	0:02:04.308001
8000	160	160	0.824	1	0:02:04.311920
8100	162	162	1.77	1	0:02:04.314338
8200	164	217	2.13	0	0:02:04.279400
8300	166	162	1.16	0	0:02:04.320003
8400	168	125	0.675	0	0:02:04.314552
8500	170	354	0.121	0	0:02:04.328233
8600	172	246	1.84	0	0:02:04.327524
8700	174	174	0.199	1	0:02:04.370412
8800	176	176	2.9	1	0:02:04.365420
8900	178	178	2.48	1	0:02:04.335477
9000	180	-1	0.0	0	0:02:04.337375
9100	182	760	2.99	0	0:02:04.322454
9200	184	189	1.44	0	0:02:04.312436
9300	186	259	0.402	0	0:02:04.327428
9400	188	-1	0.0	0	0:02:04.337907
9500	190	190	3.81	1	0:02:04.317209
9600	192	199	0.244	0	0:02:04.340437
9700	194	-1	0.0	0	0:02:04.332607
9800	196	199	1.84	0	0:02:04.304751
9900	198	194	0.373	0	0:02:04.331326
10000	200	244	1.05	0	0:02:04.296534
10100	202	262	0.0509	0	0:02:04.304334
10200	204	155	0.622	0	0:02:04.290146
10300	206	-1	0.0	0	0:02:04.317405
10400	208	-1	0.0	0	0:02:04.297643
10500	210	210	1.71	1	0:02:04.292081
10600	212	-1	0.0	0	0:02:04.316835
10700	214	-1	0.0	0	0:02:04.309799
10800	216	-1	0.0	0	0:02:04.336225
10900	218	218	3.81	1	0:02:04.322499
11000	220	220	1.99	1	0:02:04.334511
11100	222	-1	0.0	0	0:02:04.299191
11200	224	-1	0.0	0	0:02:04.297776
11300	226	226	1.92	1	0:02:04.272907
11400	228	228	0.171	1	0:02:04.248952
11500	230	230	0.892	1	0:02:04.296154
11600	232	232	1.9	1	0:02:04.324482
11700	234	205	1.07	0	0:02:04.314949
11800	236	-1	0.0	0	0:02:04.334693
11900	238	241	3.69	0	0:02:04.345663
12000	240	238	2.62	0	0:02:04.277517
12100	242	171	0.336	0	0:02:04.297359
12200	244	244	3.81	1	0:02:04.312938
12300	246	245	0.47	0	0:02:04.297372
12400	248	248	1.88	1	0:02:04.301942
12500	250	105	0.0614	0	0:02:04.346059
12600	252	244	3.13	0	0:02:04.308140
12700	254	-1	0.0	0	0:02:04.302326
12800	256	256	3.81	1	0:02:04.288676
12900	258	232	1.7	0	0:02:04.295588
13000	260	260	3.22	1	0:02:04.318719
13100	262	262	3.81	1	0:02:04.315228
13200	264	232	2.85	0	0:02:04.297363
13300	266	266	2.89	1	0:02:04.307853
13400	268	237	0.335	0	0:02:04.326589
13500	270	270	2.41	1	0:02:04.275268
13600	272	352	0.0617	0	0:02:04.291731
13700	274	274	1.87	1	0:02:04.307993
13800	276	276	2.54	1	0:02:04.286752
13900	278	278	1.75	1	0:02:04.316947
14000	280	280	1.52	1	0:02:04.328444
14100	282	281	0.156	0	0:02:04.301947
14200	284	284	3.81	1	0:02:04.298060
14300	286	286	2.82	1	0:02:04.312676
14400	288	290	1.74	0	0:02:04.299428
14500	290	290	3.81	1	0:02:04.308810
14600	292	290	3.81	0	0:02:04.307892
14700	294	294	2.71	1	0:02:04.305760
14800	296	-1	0.0	0	0:02:04.242641
14900	298	343	0.524	0	0:02:04.264608
15000	300	300	1.49	1	0:02:04.307377
15100	302	-1	0.0	0	0:02:04.306857
15200	304	-1	0.0	0	0:02:04.334806
15300	306	316	0.233	0	0:02:04.325584
15400	308	303	2.02	0	0:02:04.312788
15500	310	120	0.652	0	0:02:04.302552
15600	312	-1	0.0	0	0:02:04.301267
15700	314	304	1.76	0	0:02:04.289268
15800	316	318	0.00413	0	0:02:04.287331
15900	318	-1	0.0	0	0:02:04.293132
16000	320	320	3.39	1	0:02:04.294141
16100	322	309	1.16	0	0:02:04.296559
16200	324	324	3.81	1	0:02:04.314155
16300	326	326	1.67	1	0:02:04.317141
16400	328	328	3.81	1	0:02:04.306290
16500	330	343	0.783	0	0:02:04.291535
16600	332	-1	0.0	0	0:02:04.311245
16700	334	-1	0.0	0	0:02:04.297171
16800	336	373	1.58	0	0:02:04.331341
16900	338	793	0.165	0	0:02:04.340099
17000	340	340	3.81	1	0:02:04.322063
17100	342	342	1.99	1	0:02:04.348768
17200	344	150	1.14	0	0:02:04.338415
17300	346	346	0.0737	1	0:02:04.285462
17400	348	348	3.65	1	0:02:04.273759
17500	350	350	3.81	1	0:02:04.303616
17600	352	352	0.181	1	0:02:04.313409
17700	354	354	1.09	1	0:02:04.317369
17800	356	-1	0.0	0	0:02:04.343881
17900	358	359	3.65	0	0:02:04.350887
18000	360	360	0.209	1	0:02:04.325791
18100	362	362	3.81	1	0:02:04.315194
18200	364	-1	0.0	0	0:02:04.311585
18300	366	366	0.285	1	0:02:04.328414
18400	368	376	1.26	0	0:02:04.300788
18500	370	370	3.62	1	0:02:04.330408
18600	372	373	0.723	0	0:02:04.350645
18700	374	-1	0.0	0	0:02:04.392402
18800	376	376	3.28	1	0:02:04.372090
18900	378	244	0.537	0	0:02:04.331235
19000	380	380	0.333	1	0:02:04.318013
19100	382	382	2.96	1	0:02:04.293431
19200	384	338	1.51	0	0:02:04.268587
19300	386	101	2.88	0	0:02:04.243261
19400	388	388	1.9	1	0:02:04.274803
19500	390	-1	0.0	0	0:02:04.299186
19600	392	397	3.74	0	0:02:04.323162
19700	394	568	1.33	0	0:02:04.339545
19800	396	396	3.81	1	0:02:04.303613
19900	398	398	1.83	1	0:02:04.297744
20000	400	400	1.99	1	0:02:04.281347
20100	402	-1	0.0	0	0:02:04.279619
20200	404	404	2.89	1	0:02:04.290270
20300	406	562	2.15	0	0:02:04.388843
20400	408	-1	0.0	0	0:02:04.488283
20500	410	-1	0.0	0	0:02:04.445720
20600	412	412	0.113	1	0:02:04.467304
20700	414	414	1.33	1	0:02:04.434018
20800	416	416	3.81	1	0:02:04.344242
20900	418	558	2.19	0	0:02:04.332473
21000	420	-1	0.0	0	0:02:04.272583
21100	422	-1	0.0	0	0:02:04.274598
21200	424	424	0.858	1	0:02:04.291839
21300	426	426	3.74	1	0:02:04.334015
21400	428	428	1.24	1	0:02:04.333812
21500	430	430	2.27	1	0:02:04.317012
21600	432	432	0.727	1	0:02:04.344603
21700	434	-1	0.0	0	0:02:04.326496
21800	436	436	3.33	1	0:02:04.311499
21900	438	521	0.754	0	0:02:04.311825
22000	440	-1	0.0	0	0:02:04.305064
22100	442	442	2.78	1	0:02:04.275670
22200	444	-1	0.0	0	0:02:04.320704
22300	446	-1	0.0	0	0:02:04.297111
22400	448	448	1.0	1	0:02:04.315024
22500	450	-1	0.0	0	0:02:04.295022
22600	452	722	1.33	0	0:02:04.301014
22700	454	-1	0.0	0	0:02:04.318750
22800	456	787	0.214	0	0:02:04.315882
22900	458	651	1.71	0	0:02:04.346329
23000	460	976	1.58	0	0:02:04.320878
23100	462	-1	0.0	0	0:02:04.360770
23200	464	-1	0.0	0	0:02:04.316348
23300	466	466	3.74	1	0:02:04.356994
23400	468	468	3.12	1	0:02:04.312646
23500	470	-1	0.0	0	0:02:04.308362
23600	472	472	3.81	1	0:02:04.274556
23700	474	-1	0.0	0	0:02:04.288425
23800	476	476	2.44	1	0:02:04.315069
23900	478	519	0.5	0	0:02:04.286396
24000	480	877	2.35	0	0:02:04.319874
24100	482	860	0.317	0	0:02:04.305746
24200	484	871	3.32	0	0:02:04.270854
24300	486	486	2.41	1	0:02:04.265839
24400	488	483	0.787	0	0:02:04.295006
24500	490	-1	0.0	0	0:02:04.267664
24600	492	779	0.24	0	0:02:04.263473
24700	494	878	2.3	0	0:02:04.285566
24800	496	591	0.446	0	0:02:04.311182
24900	498	498	3.12	1	0:02:04.342414
25000	500	500	2.1	1	0:02:04.314005
25100	502	502	0.108	1	0:02:04.271114
25200	504	766	1.82	0	0:02:04.288055
25300	506	643	0.441	0	0:02:04.313062
25400	508	508	3.55	1	0:02:04.276510
25500	510	510	1.09	1	0:02:04.300831
25600	512	-1	0.0	0	0:02:04.284813
25700	514	514	3.81	1	0:02:04.254249
25800	516	-1	0.0	0	0:02:04.269496
25900	518	518	3.81	1	0:02:04.246657
26000	520	520	0.0469	1	0:02:04.283009
26100	522	522	2.18	1	0:02:04.280997
26200	524	894	0.464	0	0:02:04.305408
26300	526	527	0.52	0	0:02:04.290129
26400	528	478	1.54	0	0:02:04.294714
26500	530	531	0.546	0	0:02:04.280231
26600	532	846	2.35	0	0:02:04.282762
26700	534	534	0.436	1	0:02:04.286497
26800	536	403	2.11	0	0:02:04.288832
26900	538	538	3.81	1	0:02:04.294314
27000	540	540	2.08	1	0:02:04.267156
27100	542	561	1.7	0	0:02:04.308716
27200	544	926	1.46	0	0:02:04.310382
27300	546	546	3.39	1	0:02:04.306068
27400	548	548	3.25	1	0:02:04.303299
27500	550	505	3.81	0	0:02:04.295100
27600	552	552	3.81	1	0:02:04.305847
27700	554	554	1.58	1	0:02:04.305842
27800	556	765	0.0769	0	0:02:04.310822
27900	558	257	1.17	0	0:02:04.328173
28000	560	560	1.76	1	0:02:04.342205
28100	562	562	3.12	1	0:02:04.310866
28200	564	-1	0.0	0	0:02:04.314366
28300	566	711	0.809	0	0:02:04.311401
28400	568	399	3.81	0	0:02:04.280935
28500	570	754	0.00742	0	0:02:04.257844
28600	572	792	0.887	0	0:02:04.288903
28700	574	574	3.81	1	0:02:04.245370
28800	576	437	1.79	0	0:02:04.246119
28900	578	894	0.76	0	0:02:04.256999
29000	580	580	0.684	1	0:02:04.292427
29100	582	-1	0.0	0	0:02:04.285036
29200	584	551	0.0131	0	0:02:04.279821
29300	586	586	3.06	1	0:02:04.267653
29400	588	588	3.41	1	0:02:04.286927
29500	590	590	2.11	1	0:02:04.283146
29600	592	592	0.612	1	0:02:04.317077
29700	594	612	0.811	0	0:02:04.353058
29800	596	825	2.52	0	0:02:04.362118
29900	598	664	3.38	0	0:02:04.298699
30000	600	417	2.43	0	0:02:04.357905
30100	602	602	2.53	1	0:02:04.324990
30200	604	-1	0.0	0	0:02:04.329392
30300	606	606	0.423	1	0:02:04.326522
30400	608	523	0.105	0	0:02:04.359646
30500	610	610	2.9	1	0:02:04.314817
30600	612	612	3.65	1	0:02:04.304239
30700	614	-1	0.0	0	0:02:04.335901
30800	616	-1	0.0	0	0:02:04.325958
30900	618	-1	0.0	0	0:02:04.353086
31000	620	-1	0.0	0	0:02:04.360478
31100	622	622	3.81	1	0:02:04.305563
31200	624	-1	0.0	0	0:02:04.358510
31300	626	692	2.09	0	0:02:04.289766
31400	628	737	0.548	0	0:02:04.290924
31500	630	703	0.913	0	0:02:04.320249
31600	632	754	0.503	0	0:02:04.418469
31700	634	489	3.81	0	0:02:04.528867
31800	636	636	3.81	1	0:02:04.455209
31900	638	638	2.03	1	0:02:04.443397
32000	640	640	3.81	1	0:02:04.392812
32100	642	642	3.81	1	0:02:04.362350
32200	644	644	1.09	1	0:02:04.351648
32300	646	545	0.163	0	0:02:04.301462
32400	648	651	0.662	0	0:02:04.316789
32500	650	546	0.992	0	0:02:04.323012
32600	652	652	1.54	1	0:02:04.407320
32700	654	436	0.469	0	0:02:04.444660
32800	656	656	1.87	1	0:02:04.452840
32900	658	658	3.81	1	0:02:04.447867
33000	660	660	3.28	1	0:02:04.447141
33100	662	999	0.525	0	0:02:04.380561
33200	664	851	0.959	0	0:02:04.366869
33300	666	666	0.933	1	0:02:04.291057
33400	668	123	1.34	0	0:02:04.340347
33500	670	670	2.22	1	0:02:04.380474
33600	672	979	1.49	0	0:02:04.320174
33700	674	532	0.397	0	0:02:04.373229
33800	676	923	0.526	0	0:02:04.374598
33900	678	678	3.1	1	0:02:04.345983
34000	680	591	1.39	0	0:02:04.325344
34100	682	657	0.253	0	0:02:04.302256
34200	684	684	0.219	1	0:02:04.336790
34300	686	-1	0.0	0	0:02:04.343478
34400	688	688	3.81	1	0:02:04.355793
34500	690	690	1.3	1	0:02:04.387351
34600	692	571	0.407	0	0:02:04.335167
34700	694	694	3.81	1	0:02:04.360963
34800	696	-1	0.0	0	0:02:04.375419
34900	698	663	3.81	0	0:02:04.338013
35000	700	519	0.148	0	0:02:04.335051
35100	702	890	0.385	0	0:02:04.359147
35200	704	877	1.63	0	0:02:04.397216
35300	706	536	0.841	0	0:02:04.341133
35400	708	682	3.81	0	0:02:04.329098
35500	710	414	0.558	0	0:02:04.350988
35600	712	-1	0.0	0	0:02:04.316211
35700	714	714	3.81	1	0:02:04.354097
35800	716	716	0.0748	1	0:02:04.342435
35900	718	-1	0.0	0	0:02:04.296897
36000	720	-1	0.0	0	0:02:04.364092
36100	722	722	1.6	1	0:02:04.349171
36200	724	780	3.81	0	0:02:04.363476
36300	726	726	1.82	1	0:02:04.397612
36400	728	-1	0.0	0	0:02:04.367697
36500	730	856	1.67	0	0:02:04.357272
36600	732	732	3.74	1	0:02:04.363396
36700	734	734	2.61	1	0:02:04.357487
36800	736	736	3.81	1	0:02:04.382186
36900	738	738	0.0378	1	0:02:04.405522
37000	740	450	1.11	0	0:02:04.398336
37100	742	466	0.0153	0	0:02:04.408059
37200	744	437	0.797	0	0:02:04.369224
37300	746	746	3.81	1	0:02:04.377239
37400	748	748	1.45	1	0:02:04.413825
37500	750	259	0.866	0	0:02:04.390587
37600	752	-1	0.0	0	0:02:04.386887
37700	754	754	0.887	1	0:02:04.367647
37800	756	756	3.81	1	0:02:04.381702
37900	758	726	0.548	0	0:02:04.403685
38000	760	799	1.64	0	0:02:04.364912
38100	762	762	0.995	1	0:02:04.384662
38200	764	650	1.19	0	0:02:04.368966
38300	766	766	3.81	1	0:02:04.360494
38400	768	890	0.727	0	0:02:04.390147
38500	770	676	0.199	0	0:02:04.405646
38600	772	-1	0.0	0	0:02:04.405026
38700	774	514	0.535	0	0:02:04.380113
38800	776	645	1.19	0	0:02:04.394987
38900	778	496	0.801	0	0:02:04.406770
39000	780	484	0.0984	0	0:02:04.374507
39100	782	664	3.43	0	0:02:04.348972
39200	784	828	1.33	0	0:02:04.378181
39300	786	665	2.03	0	0:02:04.382305
39400	788	422	0.831	0	0:02:04.402972
39500	790	830	0.461	0	0:02:04.381766
39600	792	795	0.606	0	0:02:04.412205
39700	794	794	1.81	1	0:02:04.392684
39800	796	796	3.81	1	0:02:04.376554
39900	798	-1	0.0	0	0:02:04.337982
40000	800	800	3.81	1	0:02:04.384283
40100	802	802	2.55	1	0:02:04.377270
40200	804	707	0.606	0	0:02:04.406715
40300	806	806	0.977	1	0:02:04.459738
40400	808	808	0.354	1	0:02:04.466229
40500	810	810	3.81	1	0:02:04.390087
40600	812	812	3.81	1	0:02:04.396350
40700	814	628	0.26	0	0:02:04.335582
40800	816	816	1.87	1	0:02:04.374254
40900	818	-1	0.0	0	0:02:04.394072
41000	820	498	0.43	0	0:02:04.383350
41100	822	822	2.95	1	0:02:04.408842
41200	824	-1	0.0	0	0:02:04.395713
41300	826	531	3.81	0	0:02:04.400454
41400	828	818	1.97	0	0:02:04.449541
41500	830	-1	0.0	0	0:02:04.549616
41600	832	832	3.81	1	0:02:04.488668
41700	834	879	1.44	0	0:02:04.440997
41800	836	-1	0.0	0	0:02:04.496503
41900	838	692	0.23	0	0:02:04.464260
42000	840	455	0.64	0	0:02:04.426826
42100	842	975	0.17	0	0:02:04.367506
42200	844	844	1.95	1	0:02:04.407519
42300	846	532	0.413	0	0:02:04.441494
42400	848	788	0.299	0	0:02:04.412555
42500	850	850	0.135	1	0:02:04.477920
42600	852	852	3.81	1	0:02:04.435815
42700	854	950	0.378	0	0:02:04.421351
42800	856	856	0.3	1	0:02:04.446446
42900	858	564	0.205	0	0:02:04.457260
43000	860	941	0.162	0	0:02:04.478619
43100	862	862	0.593	1	0:02:04.385266
43200	864	-1	0.0	0	0:02:04.405414
43300	866	-1	0.0	0	0:02:04.418672
43400	868	967	0.831	0	0:02:04.420264
43500	870	723	0.0117	0	0:02:04.451907
43600	872	-1	0.0	0	0:02:04.461655
43700	874	874	3.81	1	0:02:04.442555
43800	876	648	3.34	0	0:02:04.398199
43900	878	878	0.339	1	0:02:04.369686
44000	880	522	0.746	0	0:02:04.354016
44100	882	760	1.21	0	0:02:04.354744
44200	884	884	2.55	1	0:02:04.337353
44300	886	886	3.81	1	0:02:04.322767
44400	888	718	3.81	0	0:02:04.345562
44500	890	890	0.987	1	0:02:04.423523
44600	892	663	0.778	0	0:02:04.427905
44700	894	894	2.9	1	0:02:04.388512
44800	896	-1	0.0	0	0:02:04.403081
44900	898	458	0.296	0	0:02:04.405617
45000	900	900	2.0	1	0:02:04.415727
45100	902	902	3.81	1	0:02:04.423572
45200	904	905	2.01	0	0:02:04.402793
45300	906	906	2.52	1	0:02:04.363075
45400	908	908	1.98	1	0:02:04.354199
45500	910	641	3.81	0	0:02:04.375919
45600	912	51	0.219	0	0:02:04.423826
45700	914	914	3.81	1	0:02:04.398345
45800	916	916	3.81	1	0:02:04.393386
45900	918	918	3.09	1	0:02:04.432829
46000	920	-1	0.0	0	0:02:04.431622
46100	922	922	3.69	1	0:02:04.390136
46200	924	924	2.5	1	0:02:04.371498
46300	926	926	3.81	1	0:02:04.367182
46400	928	332	0.907	0	0:02:04.371307
46500	930	964	1.36	0	0:02:04.406705
46600	932	415	0.485	0	0:02:04.426110
46700	934	937	0.181	0	0:02:04.449955
46800	936	936	2.16	1	0:02:04.441389
46900	938	937	2.29	0	0:02:04.418997
47000	940	-1	0.0	0	0:02:04.402169
47100	942	942	3.81	1	0:02:04.401911
47200	944	946	3.46	0	0:02:04.408496
47300	946	946	3.81	1	0:02:04.427908
47400	948	948	1.34	1	0:02:04.394833
47500	950	950	0.762	1	0:02:04.416646
47600	952	90	3.81	0	0:02:04.405341
47700	954	996	0.395	0	0:02:04.434800
47800	956	956	3.29	1	0:02:04.478543
47900	958	483	3.81	0	0:02:04.449410
48000	960	213	0.888	0	0:02:04.445478
48100	962	939	0.125	0	0:02:04.433212
48200	964	-1	0.0	0	0:02:04.397444
48300	966	594	0.659	0	0:02:04.420678
48400	968	968	1.01	1	0:02:04.395933
48500	970	795	3.81	0	0:02:04.408901
48600	972	979	3.47	0	0:02:04.394965
48700	974	974	3.81	1	0:02:04.428898
48800	976	147	0.629	0	0:02:04.421042
48900	978	-1	0.0	0	0:02:04.413778
49000	980	980	3.81	1	0:02:04.374590
49100	982	982	1.07	1	0:02:04.398766
49200	984	984	3.81	1	0:02:04.330314
49300	986	986	3.81	1	0:02:04.350922
49400	988	-1	0.0	0	0:02:04.361164
49500	990	956	2.23	0	0:02:04.381913
49600	992	992	2.38	1	0:02:04.435038
49700	994	994	3.69	1	0:02:04.464700
49800	996	996	0.688	1	0:02:04.456803
49900	998	987	0.449	0	0:02:04.443970
