idx	label	predict	radius	correct	time
0	0	-1	0.0	0	0:02:05.904602
100	2	2	1.91	1	0:02:04.909147
200	4	130	0.637	0	0:02:04.947812
300	6	6	0.83	1	0:02:05.009150
400	8	8	1.84	1	0:02:05.072867
500	10	10	1.91	1	0:02:05.040073
600	12	412	0.287	0	0:02:05.088174
700	14	14	1.91	1	0:02:05.029972
800	16	16	1.91	1	0:02:05.063890
900	18	275	0.0648	0	0:02:05.045437
1000	20	20	1.91	1	0:02:05.059966
1100	22	21	0.95	0	0:02:05.042118
1200	24	24	1.91	1	0:02:05.062720
1300	26	26	0.65	1	0:02:05.023785
1400	28	76	0.411	0	0:02:05.045531
1500	30	30	1.84	1	0:02:05.056437
1600	32	103	0.592	0	0:02:05.007307
1700	34	119	0.0885	0	0:02:05.044281
1800	36	35	1.91	0	0:02:05.017596
1900	38	44	1.91	0	0:02:04.987133
2000	40	46	0.266	0	0:02:05.047974
2100	42	48	0.952	0	0:02:05.069066
2200	44	44	1.7	1	0:02:05.055022
2300	46	40	1.91	0	0:02:05.011615
2400	48	-1	0.0	0	0:02:05.017282
2500	50	47	0.0823	0	0:02:05.107412
2600	52	329	0.469	0	0:02:05.120341
2700	54	57	1.91	0	0:02:05.159684
2800	56	56	1.91	1	0:02:05.182498
2900	58	114	0.116	0	0:02:05.169991
3000	60	61	0.687	0	0:02:05.141459
3100	62	61	1.24	0	0:02:05.030915
3200	64	64	1.91	1	0:02:05.011987
3300	66	42	0.0229	0	0:02:05.034449
3400	68	111	1.87	0	0:02:05.021313
3500	70	70	1.91	1	0:02:05.030383
3600	72	72	1.91	1	0:02:05.089900
3700	74	78	1.27	0	0:02:05.107301
3800	76	-1	0.0	0	0:02:05.084338
3900	78	70	0.0536	0	0:02:05.088468
4000	80	80	1.91	1	0:02:05.087464
4100	82	82	1.91	1	0:02:05.106638
4200	84	84	0.828	1	0:02:05.098588
4300	86	86	1.67	1	0:02:05.140819
4400	88	954	0.58	0	0:02:05.118039
4500	90	90	1.84	1	0:02:05.118372
4600	92	92	0.224	1	0:02:05.105341
4700	94	94	1.91	1	0:02:05.084178
4800	96	96	1.91	1	0:02:05.103176
4900	98	148	0.229	0	0:02:05.060651
5000	100	100	1.91	1	0:02:05.069816
5100	102	102	1.91	1	0:02:06.046724
5200	104	342	0.31	0	0:02:05.054391
5300	106	106	1.91	1	0:02:05.052680
5400	108	470	1.48	0	0:02:05.127401
5500	110	115	0.554	0	0:02:05.124103
5600	112	112	1.77	1	0:02:05.148546
5700	114	113	1.91	0	0:02:05.143084
5800	116	116	1.91	1	0:02:05.153891
5900	118	118	1.55	1	0:02:05.127132
6000	120	-1	0.0	0	0:02:05.127677
6100	122	122	1.91	1	0:02:05.143087
6200	124	-1	0.0	0	0:02:05.137993
6300	126	-1	0.0	0	0:02:05.132563
6400	128	128	1.91	1	0:02:05.100139
6500	130	129	0.466	0	0:02:05.106402
6600	132	132	1.91	1	0:02:05.092051
6700	134	132	0.797	0	0:02:05.071038
6800	136	136	1.91	1	0:02:05.129144
6900	138	138	1.91	1	0:02:05.122225
7000	140	140	1.91	1	0:02:05.116174
7100	142	135	0.761	0	0:02:05.120590
7200	144	144	0.301	1	0:02:05.074128
7300	146	-1	0.0	0	0:02:05.095051
7400	148	148	1.91	1	0:02:05.101683
7500	150	360	0.767	0	0:02:05.121607
7600	152	152	1.77	1	0:02:05.116262
7700	154	154	1.2	1	0:02:05.128549
7800	156	156	1.91	1	0:02:05.117830
7900	158	227	0.235	0	0:02:05.118789
8000	160	160	1.91	1	0:02:05.124276
8100	162	162	1.67	1	0:02:05.129745
8200	164	217	0.159	0	0:02:05.146096
8300	166	166	0.562	1	0:02:05.140323
8400	168	739	0.63	0	0:02:05.163829
8500	170	246	0.184	0	0:02:05.161250
8600	172	172	0.444	1	0:02:05.139972
8700	174	174	1.07	1	0:02:05.167331
8800	176	176	1.58	1	0:02:05.157813
8900	178	178	1.91	1	0:02:05.154613
9000	180	243	0.563	0	0:02:05.152484
9100	182	760	0.718	0	0:02:05.181723
9200	184	-1	0.0	0	0:02:05.174100
9300	186	192	0.806	0	0:02:05.134426
9400	188	188	0.979	1	0:02:05.146905
9500	190	190	1.91	1	0:02:05.125411
9600	192	199	1.01	0	0:02:05.181847
9700	194	-1	0.0	0	0:02:05.182859
9800	196	199	1.91	0	0:02:05.157612
9900	198	194	0.467	0	0:02:05.145180
10000	200	-1	0.0	0	0:02:05.156140
10100	202	202	0.829	1	0:02:05.151281
10200	204	204	1.91	1	0:02:05.158508
10300	206	206	0.337	1	0:02:05.193793
10400	208	208	1.1	1	0:02:05.195685
10500	210	210	0.775	1	0:02:05.178345
10600	212	194	0.64	0	0:02:05.189330
10700	214	214	0.147	1	0:02:05.190971
10800	216	216	1.13	1	0:02:05.187414
10900	218	218	1.91	1	0:02:05.159191
11000	220	220	1.84	1	0:02:05.167209
11100	222	270	0.795	0	0:02:05.168598
11200	224	-1	0.0	0	0:02:05.187825
11300	226	226	1.75	1	0:02:05.168954
11400	228	228	1.04	1	0:02:05.155841
11500	230	230	0.127	1	0:02:05.143951
11600	232	232	1.31	1	0:02:05.142987
11700	234	205	0.371	0	0:02:05.114308
11800	236	-1	0.0	0	0:02:05.139838
11900	238	238	1.91	1	0:02:05.157877
12000	240	238	1.91	0	0:02:05.134019
12100	242	171	0.379	0	0:02:05.132411
12200	244	244	1.91	1	0:02:05.160542
12300	246	251	0.176	0	0:02:05.150770
12400	248	248	0.459	1	0:02:05.151773
12500	250	174	0.527	0	0:02:05.174917
12600	252	252	0.158	1	0:02:05.146428
12700	254	254	0.327	1	0:02:05.174226
12800	256	256	1.91	1	0:02:05.162186
12900	258	232	0.827	0	0:02:05.184749
13000	260	260	1.91	1	0:02:05.207389
13100	262	262	1.91	1	0:02:05.228301
13200	264	264	0.594	1	0:02:05.200869
13300	266	266	0.889	1	0:02:05.189206
13400	268	268	1.91	1	0:02:05.244400
13500	270	270	1.91	1	0:02:05.215198
13600	272	277	0.44	0	0:02:05.244327
13700	274	274	1.91	1	0:02:05.296301
13800	276	276	1.91	1	0:02:05.357074
13900	278	278	0.944	1	0:02:05.312617
14000	280	280	1.91	1	0:02:05.337844
14100	282	282	0.107	1	0:02:05.321486
14200	284	284	1.91	1	0:02:05.286874
14300	286	286	1.91	1	0:02:05.260810
14400	288	288	0.45	1	0:02:05.243487
14500	290	290	1.91	1	0:02:05.203695
14600	292	290	1.91	0	0:02:05.256536
14700	294	294	1.91	1	0:02:05.371446
14800	296	296	0.553	1	0:02:05.408983
14900	298	-1	0.0	0	0:02:05.377625
15000	300	300	1.91	1	0:02:05.352725
15100	302	302	0.352	1	0:02:05.365289
15200	304	301	0.139	0	0:02:05.330735
15300	306	316	0.293	0	0:02:05.312825
15400	308	303	0.901	0	0:02:05.289723
15500	310	310	1.77	1	0:02:05.295579
15600	312	183	0.0929	0	0:02:05.251959
15700	314	304	1.65	0	0:02:05.206405
15800	316	316	1.91	1	0:02:05.164117
15900	318	318	1.32	1	0:02:05.152926
16000	320	320	1.91	1	0:02:05.092046
16100	322	322	1.55	1	0:02:05.092690
16200	324	324	1.91	1	0:02:05.136547
16300	326	326	1.64	1	0:02:05.123768
16400	328	328	1.91	1	0:02:05.109177
16500	330	330	0.38	1	0:02:05.178767
16600	332	-1	0.0	0	0:02:05.261084
16700	334	334	1.91	1	0:02:05.283294
16800	336	373	0.178	0	0:02:05.283723
16900	338	617	0.993	0	0:02:05.262221
17000	340	340	1.91	1	0:02:05.180303
17100	342	342	0.222	1	0:02:05.180042
17200	344	344	0.465	1	0:02:05.323000
17300	346	346	0.586	1	0:02:05.411525
17400	348	348	1.91	1	0:02:05.390961
17500	350	350	1.91	1	0:02:05.341483
17600	352	352	1.91	1	0:02:05.311873
17700	354	354	1.23	1	0:02:05.294621
17800	356	278	0.279	0	0:02:05.292743
17900	358	359	1.83	0	0:02:05.285172
18000	360	360	1.57	1	0:02:05.240152
18100	362	362	1.91	1	0:02:05.223113
18200	364	364	1.91	1	0:02:05.190895
18300	366	366	0.0758	1	0:02:05.241352
18400	368	376	0.026	0	0:02:05.316258
18500	370	370	1.54	1	0:02:05.311205
18600	372	372	1.32	1	0:02:05.321370
18700	374	367	0.328	0	0:02:05.302474
18800	376	376	1.91	1	0:02:05.297353
18900	378	244	0.398	0	0:02:05.243132
19000	380	380	0.628	1	0:02:05.193183
19100	382	382	1.91	1	0:02:05.159901
19200	384	338	0.526	0	0:02:05.155970
19300	386	101	0.534	0	0:02:05.113949
19400	388	388	1.91	1	0:02:05.127562
19500	390	390	1.91	1	0:02:05.127053
19600	392	397	1.54	0	0:02:05.251947
19700	394	568	0.0485	0	0:02:05.299884
19800	396	396	1.91	1	0:02:05.290074
19900	398	398	1.91	1	0:02:05.264738
20000	400	400	0.93	1	0:02:05.258801
20100	402	990	0.274	0	0:02:05.228553
20200	404	404	1.91	1	0:02:05.133024
20300	406	562	0.747	0	0:02:05.188707
20400	408	-1	0.0	0	0:02:05.153088
20500	410	212	0.258	0	0:02:05.192866
20600	412	412	1.87	1	0:02:05.206971
20700	414	414	1.41	1	0:02:05.256333
20800	416	416	1.91	1	0:02:05.219702
20900	418	563	1.38	0	0:02:05.238795
21000	420	785	0.13	0	0:02:05.246006
21100	422	242	0.319	0	0:02:05.246555
21200	424	454	0.313	0	0:02:05.223786
21300	426	426	1.91	1	0:02:05.204402
21400	428	428	1.91	1	0:02:05.182700
21500	430	430	1.45	1	0:02:05.188102
21600	432	432	1.91	1	0:02:05.192064
21700	434	452	0.039	0	0:02:05.211282
21800	436	436	1.91	1	0:02:05.206486
21900	438	463	0.265	0	0:02:05.194335
22000	440	406	0.259	0	0:02:05.221885
22100	442	442	1.91	1	0:02:05.193960
22200	444	-1	0.0	0	0:02:05.238980
22300	446	446	1.55	1	0:02:05.237212
22400	448	448	1.91	1	0:02:05.247820
22500	450	573	0.0387	0	0:02:05.223341
22600	452	452	1.87	1	0:02:05.243817
22700	454	454	1.26	1	0:02:05.206100
22800	456	787	1.02	0	0:02:05.185418
22900	458	-1	0.0	0	0:02:05.139412
23000	460	976	0.424	0	0:02:05.132680
23100	462	500	0.158	0	0:02:05.161553
23200	464	439	1.13	0	0:02:05.122277
23300	466	466	1.91	1	0:02:05.095605
23400	468	468	1.91	1	0:02:05.103681
23500	470	-1	0.0	0	0:02:05.147860
23600	472	472	1.91	1	0:02:05.249703
23700	474	465	0.345	0	0:02:05.359036
23800	476	476	1.65	1	0:02:05.348978
23900	478	526	0.644	0	0:02:05.306374
24000	480	877	0.288	0	0:02:05.305518
24100	482	788	0.913	0	0:02:05.326301
24200	484	871	0.433	0	0:02:05.286751
24300	486	486	1.72	1	0:02:05.255430
24400	488	562	0.832	0	0:02:05.218121
24500	490	443	1.31	0	0:02:05.179323
24600	492	492	0.515	1	0:02:05.162308
24700	494	878	1.7	0	0:02:05.277026
24800	496	-1	0.0	0	0:02:05.430290
24900	498	498	1.91	1	0:02:05.434187
25000	500	500	1.91	1	0:02:05.391898
25100	502	502	1.91	1	0:02:05.304710
25200	504	827	0.365	0	0:02:05.325446
25300	506	506	1.72	1	0:02:05.295379
25400	508	508	1.91	1	0:02:05.269033
25500	510	510	1.8	1	0:02:05.242300
25600	512	-1	0.0	0	0:02:05.220361
25700	514	514	1.91	1	0:02:05.155627
25800	516	938	0.228	0	0:02:05.107332
25900	518	518	1.91	1	0:02:05.116318
26000	520	520	1.87	1	0:02:05.299572
26100	522	522	1.11	1	0:02:05.282171
26200	524	794	0.504	0	0:02:05.273092
26300	526	673	0.85	0	0:02:05.264291
26400	528	478	0.764	0	0:02:05.251247
26500	530	-1	0.0	0	0:02:05.196073
26600	532	846	1.78	0	0:02:05.165903
26700	534	534	0.864	1	0:02:05.103199
26800	536	403	1.56	0	0:02:05.070880
26900	538	538	1.91	1	0:02:05.092295
27000	540	540	1.91	1	0:02:05.100733
27100	542	477	0.317	0	0:02:05.094516
27200	544	926	1.01	0	0:02:05.085125
27300	546	546	1.91	1	0:02:05.098319
27400	548	548	1.91	1	0:02:05.075907
27500	550	505	1.62	0	0:02:05.140619
27600	552	552	1.91	1	0:02:05.154017
27700	554	554	1.63	1	0:02:05.164795
27800	556	703	0.809	0	0:02:05.190915
27900	558	257	0.929	0	0:02:05.192877
28000	560	560	1.91	1	0:02:05.154778
28100	562	562	1.1	1	0:02:05.148476
28200	564	669	1.38	0	0:02:05.137773
28300	566	566	0.235	1	0:02:05.121490
28400	568	399	0.172	0	0:02:05.092620
28500	570	-1	0.0	0	0:02:05.091828
28600	572	784	0.204	0	0:02:05.131895
28700	574	574	1.91	1	0:02:05.123400
28800	576	-1	0.0	0	0:02:05.128187
28900	578	578	0.678	1	0:02:05.147784
29000	580	738	0.631	0	0:02:05.202857
29100	582	-1	0.0	0	0:02:05.197910
29200	584	745	0.795	0	0:02:05.155121
29300	586	586	1.67	1	0:02:05.177016
29400	588	588	1.83	1	0:02:05.148004
29500	590	782	0.0572	0	0:02:05.163237
29600	592	592	1.91	1	0:02:05.175240
29700	594	594	0.033	1	0:02:05.173119
29800	596	825	0.899	0	0:02:05.148134
29900	598	664	1.49	0	0:02:05.125291
30000	600	417	0.198	0	0:02:05.162897
30100	602	602	1.91	1	0:02:05.101985
30200	604	-1	0.0	0	0:02:05.125746
30300	606	606	1.91	1	0:02:05.132715
30400	608	523	0.251	0	0:02:05.192407
30500	610	610	1.91	1	0:02:05.199455
30600	612	612	1.91	1	0:02:05.157621
30700	614	614	0.242	1	0:02:05.117288
30800	616	733	0.367	0	0:02:05.139611
30900	618	828	0.231	0	0:02:05.125382
31000	620	-1	0.0	0	0:02:05.132679
31100	622	622	1.91	1	0:02:05.040654
31200	624	453	0.673	0	0:02:05.076656
31300	626	692	0.787	0	0:02:05.034599
31400	628	788	0.142	0	0:02:05.010092
31500	630	880	0.305	0	0:02:05.019042
31600	632	632	1.75	1	0:02:05.003248
31700	634	489	1.65	0	0:02:05.049165
31800	636	636	1.84	1	0:02:05.068978
31900	638	638	1.54	1	0:02:05.110905
32000	640	640	1.91	1	0:02:05.095717
32100	642	642	1.91	1	0:02:05.085735
32200	644	644	1.91	1	0:02:05.050025
32300	646	646	1.91	1	0:02:05.000852
32400	648	553	0.367	0	0:02:05.063240
32500	650	546	0.436	0	0:02:05.045781
32600	652	652	0.936	1	0:02:05.068107
32700	654	436	1.47	0	0:02:05.021977
32800	656	656	0.474	1	0:02:05.035112
32900	658	658	1.91	1	0:02:05.050728
33000	660	660	1.91	1	0:02:05.052609
33100	662	-1	0.0	0	0:02:04.994214
33200	664	851	0.694	0	0:02:05.025373
33300	666	659	1.87	0	0:02:04.991035
33400	668	123	1.61	0	0:02:05.051506
33500	670	670	1.8	1	0:02:05.098354
33600	672	979	0.733	0	0:02:05.037152
33700	674	739	0.0108	0	0:02:05.089885
33800	676	-1	0.0	0	0:02:05.057405
33900	678	678	1.91	1	0:02:05.043383
34000	680	-1	0.0	0	0:02:05.012587
34100	682	682	0.394	1	0:02:05.041573
34200	684	684	0.961	1	0:02:05.026031
34300	686	-1	0.0	0	0:02:05.064823
34400	688	688	1.91	1	0:02:05.033104
34500	690	690	1.73	1	0:02:05.068977
34600	692	781	0.0381	0	0:02:05.033406
34700	694	694	1.91	1	0:02:05.044347
34800	696	-1	0.0	0	0:02:05.029305
34900	698	663	1.91	0	0:02:05.036394
35000	700	831	1.84	0	0:02:05.012882
35100	702	602	0.077	0	0:02:05.053993
35200	704	704	0.389	1	0:02:05.069876
35300	706	536	1.21	0	0:02:05.060491
35400	708	682	1.56	0	0:02:05.027593
35500	710	710	0.255	1	0:02:05.052089
35600	712	-1	0.0	0	0:02:05.050441
35700	714	714	1.76	1	0:02:05.063618
35800	716	716	1.91	1	0:02:05.062105
35900	718	449	0.812	0	0:02:05.024955
36000	720	951	1.83	0	0:02:05.070720
36100	722	722	1.91	1	0:02:05.052904
36200	724	780	1.91	0	0:02:04.999347
36300	726	726	1.91	1	0:02:05.051203
36400	728	728	1.87	1	0:02:05.050652
36500	730	730	0.703	1	0:02:05.055675
36600	732	732	1.91	1	0:02:05.097492
36700	734	734	1.91	1	0:02:05.116161
36800	736	736	1.91	1	0:02:05.055411
36900	738	738	0.742	1	0:02:05.065740
37000	740	617	0.0512	0	0:02:05.013300
37100	742	-1	0.0	0	0:02:05.047543
37200	744	437	0.293	0	0:02:05.039366
37300	746	746	1.91	1	0:02:05.070884
37400	748	748	0.218	1	0:02:05.072069
37500	750	208	0.772	0	0:02:05.073820
37600	752	765	0.735	0	0:02:05.092984
37700	754	-1	0.0	0	0:02:05.036663
37800	756	756	1.91	1	0:02:05.036215
37900	758	726	0.954	0	0:02:05.072246
38000	760	799	0.521	0	0:02:05.024132
38100	762	762	1.87	1	0:02:05.078424
38200	764	650	0.841	0	0:02:05.087135
38300	766	766	1.91	1	0:02:05.106607
38400	768	-1	0.0	0	0:02:05.091768
38500	770	414	0.352	0	0:02:05.066167
38600	772	-1	0.0	0	0:02:05.063974
38700	774	774	1.66	1	0:02:05.116706
38800	776	645	0.182	0	0:02:05.092940
38900	778	747	0.237	0	0:02:05.105638
39000	780	484	0.074	0	0:02:05.039088
39100	782	598	1.83	0	0:02:04.984936
39200	784	891	0.652	0	0:02:05.030850
39300	786	-1	0.0	0	0:02:05.024191
39400	788	-1	0.0	0	0:02:05.036474
39500	790	791	1.14	0	0:02:05.032001
39600	792	792	0.88	1	0:02:05.076187
39700	794	794	1.91	1	0:02:05.081302
39800	796	796	1.91	1	0:02:05.120681
39900	798	798	1.91	1	0:02:05.043735
40000	800	800	1.91	1	0:02:05.087531
40100	802	802	0.6	1	0:02:05.070389
40200	804	844	0.282	0	0:02:05.052805
40300	806	806	1.91	1	0:02:05.087875
40400	808	808	1.19	1	0:02:05.106643
40500	810	810	0.601	1	0:02:05.041611
40600	812	812	1.91	1	0:02:05.090776
40700	814	554	0.835	0	0:02:05.067361
40800	816	816	1.91	1	0:02:05.104827
40900	818	758	0.214	0	0:02:05.087690
41000	820	820	0.893	1	0:02:05.045631
41100	822	822	1.91	1	0:02:05.060622
41200	824	824	0.255	1	0:02:05.051280
41300	826	826	1.52	1	0:02:05.036607
41400	828	818	1.91	0	0:02:05.061273
41500	830	830	1.17	1	0:02:05.113055
41600	832	832	1.53	1	0:02:05.084713
41700	834	417	0.449	0	0:02:05.082787
41800	836	830	0.187	0	0:02:05.090493
41900	838	631	0.268	0	0:02:05.078663
42000	840	840	1.22	1	0:02:05.045349
42100	842	842	0.593	1	0:02:05.057649
42200	844	844	1.87	1	0:02:05.066321
42300	846	583	0.511	0	0:02:05.071361
42400	848	598	0.113	0	0:02:05.085703
42500	850	584	0.12	0	0:02:05.056090
42600	852	852	1.91	1	0:02:05.025139
42700	854	854	0.924	1	0:02:05.036163
42800	856	856	0.517	1	0:02:05.013124
42900	858	449	0.044	0	0:02:04.989176
43000	860	-1	0.0	0	0:02:05.039571
43100	862	470	0.245	0	0:02:05.026644
43200	864	803	0.177	0	0:02:05.052359
43300	866	-1	0.0	0	0:02:05.046623
43400	868	618	0.101	0	0:02:05.027889
43500	870	870	0.576	1	0:02:05.071182
43600	872	840	1.68	0	0:02:05.084677
43700	874	874	1.91	1	0:02:05.053543
43800	876	648	0.501	0	0:02:04.997168
43900	878	878	1.2	1	0:02:05.024417
44000	880	-1	0.0	0	0:02:05.050082
44100	882	882	0.41	1	0:02:05.048433
44200	884	884	1.83	1	0:02:05.057191
44300	886	886	1.91	1	0:02:05.054434
44400	888	718	1.16	0	0:02:05.048651
44500	890	890	0.879	1	0:02:05.116743
44600	892	858	1.41	0	0:02:05.074888
44700	894	894	1.91	1	0:02:05.031899
44800	896	-1	0.0	0	0:02:05.074062
44900	898	458	1.0	0	0:02:05.057554
45000	900	900	1.91	1	0:02:05.060596
45100	902	902	1.91	1	0:02:05.072627
45200	904	905	1.76	0	0:02:05.061181
45300	906	906	1.91	1	0:02:05.114987
45400	908	895	0.312	0	0:02:05.060388
45500	910	641	1.91	0	0:02:05.061411
45600	912	730	1.41	0	0:02:05.037748
45700	914	914	1.91	1	0:02:05.006029
45800	916	916	1.91	1	0:02:05.006371
45900	918	918	1.91	1	0:02:05.022983
46000	920	920	0.313	1	0:02:05.109165
46100	922	922	1.91	1	0:02:05.106512
46200	924	924	1.28	1	0:02:05.104617
46300	926	926	1.91	1	0:02:05.120989
46400	928	-1	0.0	0	0:02:05.078916
46500	930	964	0.135	0	0:02:05.034512
46600	932	932	1.91	1	0:02:05.055650
46700	934	937	1.08	0	0:02:05.050945
46800	936	936	1.91	1	0:02:05.090827
46900	938	937	1.57	0	0:02:05.081121
47000	940	940	0.298	1	0:02:05.083038
47100	942	942	1.91	1	0:02:05.070482
47200	944	946	1.91	0	0:02:05.048988
47300	946	946	1.91	1	0:02:05.047104
47400	948	948	1.91	1	0:02:05.053882
47500	950	950	1.91	1	0:02:05.071442
47600	952	90	1.91	0	0:02:05.046422
47700	954	996	0.198	0	0:02:05.098222
47800	956	956	1.84	1	0:02:05.092811
47900	958	483	1.58	0	0:02:05.076967
48000	960	960	0.0338	1	0:02:05.098099
48100	962	962	1.36	1	0:02:05.094629
48200	964	961	0.282	0	0:02:05.080000
48300	966	796	0.0446	0	0:02:05.076045
48400	968	968	1.91	1	0:02:05.087968
48500	970	795	1.91	0	0:02:05.042660
48600	972	979	1.91	0	0:02:05.038701
48700	974	974	1.91	1	0:02:05.046087
48800	976	-1	0.0	0	0:02:05.027361
48900	978	693	0.891	0	0:02:05.055515
49000	980	980	1.91	1	0:02:05.050447
49100	982	982	0.62	1	0:02:05.082097
49200	984	984	1.91	1	0:02:04.995614
49300	986	986	1.91	1	0:02:05.013524
49400	988	988	0.29	1	0:02:05.000214
49500	990	956	0.589	0	0:02:05.013297
49600	992	992	1.91	1	0:02:05.022022
49700	994	994	1.91	1	0:02:05.071036
49800	996	996	1.11	1	0:02:05.075003
49900	998	987	0.452	0	0:02:05.087336
